-6.9699e-05+0.0009868i,-0.00045081+0.00063316i,-0.0011324+0.0015184i,-0.00037171+0.00063103i,0.00040613-0.00039099i,0.00022395-0.00077628i,0.00043631-0.00057698i,0.00086005+0.00052343i,0.0015744+0.00092591i,0.0020597-0.00017521i,0.0016962-0.00095438i,0.0010045-0.0013845i,0.00083389-0.0012717i,0.00050508-1.1876e-05i,5.573e-05+0.00091356i,-0.00023886+0.00043859i,-0.00033766+0.0004658i,-0.00020642+0.00099062i,-0.00023409+0.0012117i,1.1383e-05+0.00058732i,-0.00029962-0.00052271i,-0.00093361-0.0012485i,-0.00058539-0.00046715i
0.0038242+0.00051271i,0.0024978-0.00079753i,0.0019559-0.0029325i,0.00030199-0.0030338i,-0.00084511-0.0027816i,-0.00038393-0.001804i,0.0006774-0.00074627i,0.00097526-0.00080448i,0.0010441-0.00059212i,0.00087689-0.0006305i,-0.00031423-0.00039754i,-0.00094561+6.628e-05i,-0.0005602-0.00021715i,-0.00010067-0.00080113i,7.6297e-05-0.00051356i,-0.00052546-0.00021335i,-0.00045161+8.3292e-05i,0.00057847+0.00032441i,0.00052529-0.0002335i,-0.00038212+0.00012303i,0.00021582+0.00020709i,0.00072076+0.00039868i,-0.00017094+0.00070753i
-0.0019146-0.00048381i,-0.0021914-0.00076812i,-0.00096773-0.00065761i,0.00030253-8.7651e-05i,0.00055074+2.0235e-05i,0.0015152-0.00032721i,0.0016443-2.872e-05i,0.00034162+0.00034333i,-0.00084512-5.4484e-05i,-0.00068919-2.6044e-05i,-0.00041572+0.00080913i,-0.00063718+0.00092667i,-0.0001201+0.00016683i,-3.0105e-05-0.0002108i,8.6826e-05-0.00027893i,0.00020743-0.00022848i,-0.00010884+0.00025308i,0.00069524+0.00018982i,0.00097067-0.00021831i,0.0002159-0.00030614i,-0.00016933-0.00036368i,-0.00025932-0.00027529i,0.00012469-3.7857e-05i
-0.0013424-0.0018382i,-0.00068455-0.0013863i,-0.00064384+0.00029574i,-9.6434e-05+0.001157i,0.00077307+0.00065272i,0.00051981-0.00028757i,-8.0026e-06-0.00092358i,-0.00012221-0.00057959i,6.0629e-05+0.00028093i,-0.00064128+0.00082004i,-0.00080957+0.00035297i,0.00041535+8.3029e-05i,0.00046064+0.00031872i,-0.00012725+0.00041414i,0.0004348+0.00095039i,0.00082804+0.00079346i,0.00025683+0.00039575i,9.4569e-05+6.2117e-05i,0.00065899-0.00017179i,0.00049866-7.8941e-05i,-0.00031384+0.00017925i,-0.00096719+7.9994e-05i,-0.00071267-0.0002322i
0.00016076+0.00038671i,0.00019533+0.00063042i,-0.00075767+0.00054708i,0.00032706+0.00077781i,0.0008239+0.0010031i,0.00093863+0.00016405i,0.0014762+1.4918e-06i,0.0010043+0.00028319i,0.00032749-0.00013413i,0.00018845+0.00027223i,0.00077555+0.0010433i,0.00045762+0.00026609i,-0.00029244-0.0004918i,7.0384e-05-7.2822e-05i,0.00024188+6.3508e-05i,-0.0002132-4.3066e-06i,-0.00029337+3.5489e-05i,-0.00030761+0.00027147i,-0.00027117+0.00013952i,-0.00039462-0.00040859i,-0.00032284+6.8791e-05i,-0.00018578+0.00029201i,-6.4081e-05-0.00043683i
-0.00084878-0.0030857i,-0.00028036-0.0023773i,-0.00039321-0.00041924i,-0.00023825+0.00037659i,0.00038953+8.9499e-05i,0.0011241-0.00058251i,0.001236-0.0013753i,8.2914e-05-0.001892i,-0.00070137-0.0010712i,-0.00025834-0.00014628i,0.00025097+5.081e-05i,0.00017515+0.0002809i,-0.00010888+0.00025639i,-0.00028095+0.00067342i,-0.00023394+0.000681i,0.00048955+0.00023455i,0.00042818+0.00015762i,-0.00016132-0.00023733i,-7.7588e-05-0.00066845i,-0.00015748-0.00021077i,-0.00035616-0.00061523i,-0.00026394-0.00097204i,-7.228e-06-0.0002152i
0.002198+0.0012682i,0.00072664+0.00035046i,-0.00055611+0.0010868i,2.0347e-05+0.0015535i,0.0013217+0.00077683i,0.00052955-0.00046241i,4.3852e-05-0.0012979i,0.0004897-0.0017244i,0.0006696-0.0011502i,-7.094e-05-0.00056726i,-0.00036422-0.00021378i,-0.00051536-0.00080416i,-9.1514e-05-0.0013112i,0.00032507-0.0011421i,-0.00068424-0.00073989i,-0.00067732+0.00055625i,0.00059409+0.00071598i,0.0012479+0.00022916i,0.0010747+9.255e-05i,0.00053877+0.0004165i,0.00022591+0.00045259i,0.0001059-3.2341e-05i,-0.00029918-0.00059511i
-0.0019831+0.0017593i,-0.0016555+9.0368e-06i,-0.0016002+0.00075614i,-0.00085792+0.0012079i,-0.00050671-0.00016062i,-0.00028919-0.0014372i,0.0012244-0.0015823i,0.0018764-0.0011928i,0.0010856-0.00036309i,0.00050173+0.00038744i,0.001276+0.00053999i,0.0017486+0.00021223i,0.00080134-3.4453e-05i,-0.00069553-0.00076504i,-0.00090037-0.0009975i,-0.00017086-0.00031041i,-7.4641e-05+0.00010087i,-5.2575e-05+0.00063683i,0.00015795+0.00069286i,1.3378e-05+0.00039432i,4.5933e-05+0.00017755i,-0.00011152-0.00022259i,0.00050299-0.00029711i
2.9721e-06-0.0019305i,0.00018774-0.0019341i,0.00044777-0.0002605i,0.00065325+0.0003553i,0.0015839-0.00069608i,0.0016379-0.0018525i,0.0014669-0.0018927i,0.00079729-0.001252i,8.6489e-05-0.00073816i,0.00019614-0.00074853i,0.00047995-0.00049991i,0.00043262+0.00012991i,0.0001425+0.00062913i,-8.1094e-05+0.00024819i,0.00013626+0.00025316i,0.00055527+0.00025655i,0.00027299+0.00040495i,0.00035344+0.00043306i,0.0001606-0.00051549i,0.00045177-0.00074413i,0.00099527-0.00053274i,0.0014889-8.0693e-05i,0.0016308+0.0010955i
0.0012004+0.0010988i,5.6006e-05-0.00024148i,-0.00061431-0.00073662i,-0.00017191-0.00042971i,0.00021325-0.0010424i,0.000283-0.0015138i,0.00048427-0.0016487i,0.00027345-0.0016883i,-0.00034358-0.00073325i,-0.000811-0.00017911i,-0.00015326-0.00039621i,0.00039671-0.0005572i,0.00018811-0.00042388i,-0.00093607-0.00016375i,-0.0015118-0.00016808i,-0.00058969+0.00033931i,-0.00049503+0.00071318i,-0.00070625+0.00036412i,0.00010647+0.00068388i,0.00045694+0.00040035i,5.8038e-05-0.00019128i,4.5962e-05-0.00010223i,0.00034446-0.0002605i
-0.0019774-0.0004876i,-0.00080618+0.00020211i,-0.0015206-0.00048717i,-0.0011886-0.001223i,0.00018442-0.00054682i,0.00017671+0.00021079i,-8.5012e-05-0.0011039i,-3.5222e-05-0.0019573i,-1.3797e-05-0.0013895i,-0.00026033-0.00089843i,-0.00017909-0.00017906i,-0.00026036+0.00051649i,-0.00031156+0.0002709i,-0.00043235-0.00032088i,-0.00070996-0.00022196i,9.0125e-05+8.1742e-07i,0.00075849+0.00036648i,0.001128+0.00054064i,0.0010096+0.00048599i,0.00088324+0.00019251i,0.00088542+6.2867e-05i,0.00018442+7.4272e-05i,-0.00016564+7.7663e-06i
0.00071125-0.0016287i,-0.00023773-0.00050639i,-0.00056084+0.0001571i,0.0012189-0.00067116i,0.0028727-0.0018888i,0.0019453-0.0024585i,0.00024655-0.0016741i,0.00010524-0.00082774i,0.00022218-0.00047764i,-0.00025823-0.000193i,-0.00017638-0.00010472i,-0.00014995-0.00039305i,-0.00012903-0.00036337i,0.00024344+0.00048253i,3.7165e-05+0.00038084i,0.00020982+1.4685e-05i,0.00076002+0.00044036i,0.00094609-6.6414e-05i,0.0008317-0.00026303i,0.0010267+0.00058229i,0.0014802+0.00055596i,0.00077976+0.00054111i,-9.9321e-05+7.2243e-05i
-0.00098647+0.00077109i,-0.00088919-3.791e-05i,-0.00098161+0.001774i,-0.00049361+0.002359i,0.00091357+0.0006489i,0.00137-0.00079361i,0.00091352-0.0012551i,0.00064393-0.0010408i,-3.2827e-05-7.8191e-05i,2.0284e-05+0.00051226i,0.00058207+0.00080214i,4.8348e-05+0.00089079i,0.00024328+9.4245e-05i,0.00069546-6.6044e-05i,0.00029672+0.00034347i,0.00020872+0.00040937i,0.00027788+0.00013531i,0.00065675+0.00035615i,0.00056504-0.00014065i,0.00060177-0.0011112i,0.0010117-0.00047847i,0.00077041+0.00030345i,0.0002262-0.00036241i
-0.0019472-0.001207i,-0.0014943-0.00058416i,-0.00043116-0.00043542i,0.00060749+0.00017759i,0.0010127+0.00040576i,0.0011952-0.00021385i,0.0016901-0.0004101i,0.0015741-0.00063654i,0.00052875-0.00058415i,0.00036071+6.7411e-05i,0.0010079-0.00025839i,0.00067279-0.0010343i,-0.00017462-0.00074601i,-0.00055375-0.000207i,-0.00046671-0.00050239i,-0.00015998-0.00076656i,1.1498e-06-0.00032223i,-0.00037857+0.00028686i,-0.0003809+1.8685e-05i,-0.0002708-0.00043694i,-0.00038293+0.00019146i,-0.00020763+0.00084025i,-0.00015663+0.00066537i
0.00076285+0.00068615i,0.0014107+0.0016551i,0.0014919+0.0012569i,0.00078673+0.00046839i,0.00045605-8.8836e-05i,0.00031787-0.0017165i,0.00069656-0.0027913i,0.0013123-0.0021787i,0.0011809-0.00083259i,0.00089659-0.00063621i,0.00046885+7.5471e-05i,-0.00015046+0.00025693i,-0.00025634-2.3362e-05i,0.00042287+0.0004351i,0.00062092+0.00053357i,-0.00015617+1.6955e-05i,-0.00070458+8.9584e-05i,-0.00035302+0.00059695i,-0.00011197+0.00086325i,0.00027398+0.00045772i,0.00072608-0.00021961i,0.00060608-0.00059034i,0.00071084-0.00020475i
-3.67e-05-3.6779e-06i,-0.00054974+0.0005777i,-0.00098194+0.00064261i,-0.0010105+0.00069075i,-0.00022366+0.0007345i,0.0010216+0.00029845i,0.0015308+2.6103e-06i,0.0014756-0.00068521i,0.00048271-0.0011853i,4.5465e-05-0.00043638i,0.00029517+0.0002358i,-6.0515e-05+0.0001038i,0.00044856-0.00013859i,0.00045034-0.00033632i,-6.1042e-05-0.00011475i,-0.00013152+0.00045252i,-0.00054734+0.00062849i,-0.0011198+0.00042486i,-0.00071529+0.00049506i,0.0001756+0.00048446i,1.6931e-05+0.00057185i,-0.00027923+0.00016701i,0.0004394-0.00060012i
-0.0030536-0.0017308i,-0.002598-0.001791i,-0.0017086-0.00024338i,-0.001174+0.00030483i,-0.00019268-0.00066636i,0.00040346-0.0013862i,0.00078319-0.0011823i,0.00038841-0.00078151i,5.0442e-06-0.00053465i,-0.0003363+0.00033161i,-0.00047197+0.00080233i,-0.00018603+0.00022738i,0.00028668-0.00085931i,0.0010502-0.00068553i,0.00084477+7.6425e-05i,8.688e-05+0.00027727i,-0.00048683-0.00017824i,-0.00051266-0.00019865i,-6.08e-05-0.00024839i,0.0005257-0.0006251i,0.0006739-4.4379e-05i,0.00020495+0.00010832i,-0.0001886-0.00055471i
0.0025615-0.00055282i,0.0013105+6.3932e-05i,0.0006498+0.00031908i,-0.00050801-0.0002894i,-0.001339-0.00086128i,-0.00076206-0.00036131i,0.00034574-0.00047575i,0.00073606-0.0004842i,0.00025045-2.4813e-05i,-0.00032777+0.00014133i,-7.732e-05+0.0001242i,-0.00016255-0.0001775i,-0.00081476-0.00052739i,-0.00069505-0.0011716i,-0.00031502-0.0011197i,-0.00020397-0.00044287i,-0.00023942+0.0003714i,-0.00081292+0.00075224i,-0.00035604+0.0003456i,9.7097e-08+0.0001178i,0.00026052+0.00044595i,0.00016732+0.00092287i,-0.00040221+0.00090072i
-0.00093177+0.0025162i,-0.0016953+0.0024655i,-0.00027376+0.00075002i,0.0011489-0.00046562i,0.00099284-0.00089781i,0.00091559-0.00092006i,0.00075037-0.0013463i,0.00017295-0.0014306i,-0.00047312-0.00096337i,-0.0006008-6.5857e-05i,-4.8834e-05+0.0004808i,0.00010906+3.0963e-06i,0.00027055-0.0011999i,0.00040171-0.0008344i,-0.00045233+0.00053594i,-0.0010347+0.0011775i,-0.00044296+0.0012447i,-7.3825e-05+0.001344i,-0.00030585+0.00079529i,-0.00013534-0.00014244i,0.00047056-0.00041497i,0.00078952-0.00058555i,0.00075971+2.598e-05i
0.0011269-0.0021734i,0.00060644-0.0026147i,-0.0002045-0.0032948i,-0.00079581-0.0026705i,-9.729e-05-0.0014577i,0.0016608-0.0014435i,0.0020185-0.0012557i,0.00085767-0.00077924i,-2.7116e-05-0.00082508i,3.1542e-05-0.00078436i,-9.1613e-05-1.5091e-05i,-0.00047221+0.00045323i,-0.0011574-8.2804e-05i,-0.0011359-0.00032311i,-0.00064651-0.00026248i,-0.00038149-0.00015991i,0.00020054+7.0168e-05i,0.00071444+0.00025308i,0.00077409+0.00029368i,9.4032e-05+0.00024442i,-0.00029203+0.00029139i,-0.00037077+0.00034842i,-8.2979e-05+0.00022106i
0.0018714+0.002686i,0.0016123+0.0016224i,0.0012155-0.00019315i,0.00042931-0.0015631i,0.00030363-0.0020161i,-5.1235e-06-0.0018105i,0.00020436-0.0016463i,0.00061715-0.001101i,-3.4622e-06-0.00091799i,-3.7238e-05-0.0010688i,0.00055539-0.0007385i,0.00029115-0.00078503i,-0.00036864-0.0012399i,-0.00024161-0.0013344i,0.00026677-0.0006317i,4.466e-05-0.00017496i,0.00031292-2.9472e-05i,0.00062912+0.00056762i,0.00025573+0.00070072i,-0.00045247+0.00016626i,-0.00023618-0.00018802i,-0.00026669+0.00021115i,-0.00036157-0.00012218i
-0.0046198+0.00080244i,-0.0030748+0.001441i,-0.0016088+0.0015531i,0.00058935+0.00097833i,0.0022795+0.00067883i,0.0025092+7.2868e-05i,0.0016723-0.0007031i,0.00095144-0.00065477i,8.293e-05-0.0001814i,-0.00085468-1.7695e-05i,-2.1739e-05+0.00017966i,0.0013157+4.3606e-06i,0.0015464-0.00090587i,0.00066992-0.0005373i,0.0004591+0.00070073i,0.00092114+0.0010639i,0.00020913+0.00010532i,-0.00024231-0.00086183i,0.00028902-0.00053785i,0.00032947+0.00058621i,0.00039819+0.0010411i,0.00047382+0.00055922i,3.259e-05-0.00045958i
0.00095756-0.00050771i,0.00086412-0.00095939i,0.0012683-0.00061006i,0.0018467-0.00097865i,0.002204-0.0014697i,0.0017394-0.0014207i,0.0014392-0.0013456i,0.001227-0.00074982i,-8.0665e-05-2.9719e-05i,-0.00026505-0.00019573i,5.9475e-05-0.00041566i,0.00012281-0.0012631i,-1.6505e-05-0.0015337i,-2.3791e-05-0.00089276i,8.7688e-06-0.000381i,-0.00021535+0.00018526i,-0.00071634+0.0001698i,-0.00091643+0.00039116i,-0.00079558+0.0007701i,-0.0007168+0.00022609i,-0.00034876+0.0001763i,-2.9243e-05+0.00021465i,-0.00030761-0.00030126i
-0.0030191+0.0022393i,-0.0015604+0.0012334i,-9.4502e-05+0.0021826i,0.0011695+0.0036228i,0.0012928+0.0021393i,0.0015676-0.00027064i,0.0011132-0.0010169i,1.2134e-05-0.0010468i,-0.00026008-0.0011365i,-0.00011143-0.00099842i,0.00018461-0.0010756i,0.00061961-0.00088321i,0.00060944-0.00014958i,-0.00015968+0.00010276i,0.000108+7.3683e-05i,0.00034042+0.0003069i,0.0006293+0.00021534i,0.00090089-0.00039641i,-0.00032178-0.00046078i,-0.0011317-0.00033373i,-0.00091763-7.9003e-05i,-0.00028525-0.00016603i,-7.5192e-05-0.00028263i
-3.1767e-05+0.00051132i,-0.00066669+0.0010462i,-0.0013938+0.00183i,-0.00083272+0.0014631i,0.00039165+0.00083133i,0.00020205+0.00043622i,0.00036552+9.6076e-07i,0.00086915-0.00031481i,0.00023015-1.5199e-05i,8.9119e-05+9.1421e-05i,0.00034441-0.00017739i,0.0008295-0.00047472i,0.0010086-0.00020978i,0.0002038-0.00031925i,-0.00079236-3.1719e-05i,-0.00060284+0.00080253i,-0.00024721+0.00050882i,-0.00039117+9.5631e-05i,0.00021162+0.00058163i,0.00082868+0.00065352i,0.0005467-0.00021258i,0.00019317-0.00061639i,-0.00086009-0.0006177i
-0.0010067+0.00034225i,-0.0011951-0.00010599i,-0.0010313+0.00016536i,-0.00025505+0.00022027i,0.00056464+1.6421e-05i,0.00059018-0.00077663i,0.00086337-0.0010666i,0.00063479-0.00028889i,-0.00070326+7.1444e-05i,-0.00062852+0.00061601i,0.00016384+0.001019i,0.00048153+0.00018327i,0.0010753-8.8831e-05i,0.0016487+0.00025726i,0.0019926+0.00044337i,0.00050301+0.00045468i,-0.00052066+0.00017906i,5.7558e-05+0.00047295i,0.00026065+0.00041496i,0.000193+0.00024659i,0.00034844+0.00018625i,0.00027433-0.00012611i,-0.00022291-0.00062507i
-0.0015866-0.00048631i,-0.00096106+0.00021071i,-0.00070197+0.00060714i,-0.00074296-0.00011392i,-0.00046002-0.00089436i,1.0652e-06-0.00097946i,0.00021601-0.0014948i,0.00031195-0.0017192i,-0.000362-0.0015257i,-0.00066715-0.0012314i,-0.00043224-0.0010496i,-5.1749e-05-0.00046974i,0.00045232+5.5504e-05i,6.3991e-05+0.0012574i,-0.00046551+0.0016629i,-0.0004649+0.0007735i,-0.00074279+0.00062647i,-0.00058649+0.00063128i,-0.00027187+0.00046893i,-0.00039582+0.00060144i,-0.00032844+0.00099696i,-0.00045859+0.00084177i,-0.00040279+0.00040112i
-0.00066415-0.00032978i,-0.00066882+0.00021672i,-0.00067506+0.00085309i,-0.0010597+0.00070422i,-0.00051397-6.2655e-05i,0.00038612-0.001285i,0.00057586-0.0020921i,0.0004692-0.0017524i,0.0004727-0.00076463i,0.00053924-0.00017157i,0.0006634-0.00047779i,0.0003107-0.00027073i,0.00093011-0.00014281i,0.0011271-0.00083532i,0.00050962-0.00086215i,0.00054311+0.00013443i,0.00055575+0.00037357i,0.00027703-1.153e-05i,1.8193e-05+8.6112e-06i,0.00034088-8.6029e-05i,0.00048167+8.2796e-05i,0.00062831+0.00024952i,0.00083651-0.00014991i
0.0015378-0.0021784i,0.0011083-0.0015803i,-0.00013935-0.0012263i,-0.0010235-4.7179e-06i,-0.00018478+0.00047167i,0.0019423-0.00033169i,0.0020838-0.000529i,0.00025212-0.00043286i,-0.0012844-0.00065978i,-0.0013071-0.00024546i,-0.00040276-7.4192e-06i,-5.0728e-05-0.00063989i,-0.000132-0.00068437i,-0.000258-0.00026415i,-0.0008876-0.00014133i,-0.00052949+0.00030175i,0.0004654+0.00066005i,0.00083572+0.0011564i,0.00071763+0.0013329i,0.00083194-2.9716e-06i,0.00068829-0.00052333i,0.00035038-0.00053973i,7.3081e-05-0.0002881i
0.00056482+0.00079315i,0.00013877-0.00016829i,-0.00049347-0.00051932i,-0.0011357-0.0001987i,-0.0012182-0.00033705i,-0.00050938-0.00089562i,-3.9846e-05-0.0015498i,0.00021678-0.0023563i,-6.7256e-05-0.0015288i,-0.0010592-0.00021588i,-0.0011357-0.00049482i,-0.00055301-0.00057214i,-6.2179e-05-0.0003445i,0.00029093-5.7999e-05i,5.834e-05+0.00057201i,-0.00010235+0.00101i,-0.00035537+0.00086462i,-0.00083873+0.00064309i,-0.00058225+0.00017481i,-0.00025977+0.00026468i,-0.00011419+0.00035794i,-0.00052932+0.00058218i,-0.00039842+0.001127i
-0.00088613-0.00077485i,0.00027344-0.0002751i,0.00069385+0.00066675i,0.00050308+7.0423e-05i,0.00072885-0.00074331i,0.00036826-0.0013255i,0.00017596-0.0017843i,-0.00026782-0.0013397i,-0.00073624-0.0013138i,0.00033931-0.0014766i,0.0012989-0.00037317i,0.00087198+0.00022359i,0.0001712+0.00031582i,-0.00024926+0.00059706i,-0.00076539+0.00081214i,-0.00049733+0.00046509i,-0.00010881+0.00031992i,-0.00057547+0.00076189i,-0.00013577+0.00023787i,0.00059327-0.0002874i,0.00016153-0.00017124i,-0.00031762-0.00049433i,-0.0006584-0.00037079i
0.0036155+7.6952e-05i,0.0022407-0.00039345i,0.001014-0.0010164i,0.00022272-0.0013657i,0.00076708-0.0020761i,0.00090301-0.0016924i,0.00044322-0.0014456i,0.00026371-0.0019464i,0.00030828-0.0012422i,-0.00031155-0.00037443i,-0.00043091-0.00065838i,-0.00019039-0.00024065i,-0.00037109+0.00063729i,-0.00051201+0.00046623i,-0.00033476-7.5653e-05i,-4.3171e-05-1.4412e-05i,0.00012271+0.00034691i,0.00053931+4.0104e-05i,0.00047493-7.4047e-05i,-7.272e-05+0.00017156i,-0.00035196+0.00048144i,8.3834e-05+0.00074898i,0.00061584+0.00060287i
0.00098518-0.0016377i,8.562e-05-0.0017758i,-0.00032608-0.0020161i,-0.00012325-0.001288i,0.00025485-0.00055007i,0.00093319-0.00023561i,0.0011227-0.00073221i,0.00020759-0.0013629i,-0.0011103-0.0011258i,-0.0015262-0.00034934i,-0.0016383+0.00031386i,-0.00095261+0.00028882i,0.00011207-9.5813e-05i,6.9354e-05-0.00010888i,-0.0005638+1.5504e-05i,-0.001241+6.6925e-05i,-0.0011526+0.00020566i,-0.00063593+0.00071406i,-0.00062844+0.00092623i,-1.2367e-05+0.00033465i,0.00072291-0.00031207i,0.00011081-0.00082685i,-0.00027027-0.0010573i
-0.00021138-0.001225i,-0.0014846-0.00026098i,-0.0025248+0.00056589i,-0.0021047+0.0010252i,-0.00038363+0.0012516i,0.00030826+0.00091478i,0.00071411-6.2812e-05i,0.00095232-0.0012043i,0.00090664-0.0012568i,0.0010915-0.00017207i,0.00035109+0.00086236i,-0.000425+0.00083303i,-0.00019233+0.00076172i,-0.00025587+0.00021835i,-0.00013427+0.0001825i,-0.00025014+0.00064475i,-0.00054115-1.8589e-06i,-0.000312-0.00049927i,0.00055668-0.00032685i,0.00056928-3.0312e-05i,0.00048957-0.00027802i,0.00059697-0.00063538i,0.00026885-0.0003557i
-0.00097564+0.00027924i,-0.00044967+0.00053583i,-0.0013191-0.00013137i,-0.0013725+0.00040163i,-0.0010234+0.00069443i,0.00040233+0.00065614i,0.00093425-0.00018698i,-8.4637e-05-0.0013801i,-0.00028345-0.0013616i,-0.00063985-0.00073487i,-0.00038055+0.0004877i,-0.00017681+0.00017546i,-0.00020491-0.0006414i,0.00028259-0.00047719i,0.00054193-0.0001739i,0.00043133+0.00047936i,-0.00015374+0.00099956i,-6.0931e-05+0.00030677i,0.00019376-0.00035875i,-2.3898e-05-0.00019103i,1.7339e-05-0.00010459i,-8.4404e-05-3.6581e-05i,-0.00025728+0.00032907i
-0.0022032-0.0017609i,-0.0023481-0.0010933i,-0.0022506+0.0003039i,-0.0010723+0.0009852i,0.00074795+0.00098903i,0.001507+0.00039574i,0.00076944-0.00099887i,0.0008074-0.0017134i,0.0007923-0.0010439i,0.00074486-0.00065443i,0.00078426-0.00014292i,0.00048902+0.00014628i,0.00056575+0.00054426i,0.00030836+0.0011229i,-0.00022574+0.00067188i,0.00030883+0.0011406i,0.00030147+0.0010767i,-0.00039-5.6906e-05i,8.0594e-06-0.00085898i,0.00035055-0.00099353i,7.4498e-06-0.00032889i,0.00012587+0.00016669i,0.00071817+0.00052445i
7.6922e-05-0.0014203i,-0.00083361-0.0018278i,-0.00014796-0.0016089i,0.00015135-0.0010793i,0.00037391-0.00035492i,0.00074661-0.00035133i,0.00094398-0.00090969i,0.0010865-0.0015847i,0.00053446-0.0015005i,-0.00012572-0.00036813i,-0.00076262+0.0003464i,-0.00066464+0.00026177i,0.00021897+0.0006969i,0.00025412+0.0016108i,-0.0010182+0.0010579i,-0.00082775+0.00025583i,3.1978e-05+0.0003394i,0.00045869+2.5463e-05i,0.00069244-0.00026225i,0.00069389+0.0005038i,0.00090009+0.00050424i,0.0014836+0.00033033i,0.0010575+0.00031809i
0.0030746-0.0019748i,0.0016178-0.0004673i,-0.0011221+0.00050037i,-0.0018376+0.00041847i,-0.00082681+2.3818e-05i,0.00024587-0.0011541i,0.00030356-0.0018488i,0.00044303-0.0016781i,-0.00019704-0.0010677i,-0.00072498-0.00029449i,-0.00067483-6.9097e-05i,-0.00022806-0.00046309i,-8.3666e-05-0.00053261i,-0.0006669+0.00036902i,-0.0004965+0.00076681i,-0.00032857+0.0011986i,-0.00062388+0.0012377i,-0.0010242-3.4573e-05i,-0.0010209-0.00039653i,-0.00068292-2.5627e-06i,-0.00036287-6.2691e-05i,-7.7618e-05+0.00028882i,0.00021472+0.00049522i
-0.00038358+0.0011413i,-0.00035323+0.00085505i,7.002e-05+0.00093606i,0.00037534+0.00044251i,8.9062e-05-0.00099036i,0.00081639-0.0013384i,0.0014834-0.0014967i,0.00075439-0.0022543i,2.8764e-05-0.0019128i,-0.0005983-0.00095409i,-0.00072132-0.00021851i,-0.00080013+0.00025865i,-0.00071761-0.00042082i,-0.00067556-0.00097789i,-0.00035272-0.00073219i,0.0002961-0.00011058i,0.00055914+0.00044769i,0.00029467+0.00065373i,0.00031699+0.00039947i,0.00052585-7.2142e-05i,0.00044632-0.0004369i,3.7062e-05-0.00072665i,-0.00092373-0.00065067i
0.0015809-0.0006415i,0.0013255-0.0017358i,0.0022351-0.0023516i,0.0020928-0.00079779i,0.0017093+0.00049083i,0.0011997-0.00045419i,0.00079396-0.0013608i,0.00036217-0.00070486i,0.00017238+0.00057121i,0.00050025+0.00022797i,0.00095324-0.00040264i,0.00070114-9.0564e-05i,0.00023566+0.00025639i,-0.00016978-0.00020084i,-0.00057298-0.00029187i,-0.00087614+0.00025556i,-0.0001437+0.00028378i,-6.3905e-05+0.00040316i,-0.00081311+0.00075764i,-0.00099389+0.00032951i,-0.00098132-0.00013952i,-2.921e-05-0.00020876i,0.00070795-0.0011314i
-0.00054981+0.0016799i,-0.0005271+0.0013632i,-9.1751e-05+0.00065891i,0.0010302-2.8648e-05i,0.0015302-0.00070419i,0.0015426-0.0014506i,0.0017442-0.00078007i,0.00091351-0.0004432i,-0.00020042-0.00077161i,-0.00093818-0.0010463i,-0.00098876-0.0015071i,-0.00099954-0.00081552i,-0.00079674+8.5861e-05i,-0.0003596-0.00024425i,-0.00049383-0.00021842i,-5.9266e-05+0.00036453i,0.00051329+0.00077662i,0.00044367+0.0011048i,-0.0002242+0.00092151i,-0.00011829+0.00018254i,0.00021898+2.3319e-05i,-9.0053e-05-0.00012292i,-0.00026155-0.00089326i
0.00040267-0.0024515i,0.00031417-0.0017115i,-0.00046278-0.00029726i,-0.0011784+0.00042197i,0.00011719+0.00059369i,0.0015657+0.00039468i,0.0010183-0.00106i,0.00071046-0.001604i,0.00073838-0.00085944i,0.00066312-0.00021166i,0.00064933-7.9329e-05i,0.00032839-0.00019496i,0.00026239+0.00011593i,0.00013279+0.00092325i,-1.4769e-05+0.00041716i,-0.00035667+0.00018644i,-0.00012037+0.0002491i,0.0006512+0.00051878i,0.00026733+0.00082004i,-0.00031876+0.00062169i,-0.00015263-0.00036079i,-1.6668e-05-0.00044137i,0.00046484+0.00056698i
-0.0002222+0.001326i,-0.00011371+0.00048324i,-0.00013869+0.00020237i,-0.00022262-0.00020151i,0.00081015-0.00046089i,0.0017276-0.00010884i,0.0019348+7.0219e-05i,0.0011312-0.00054019i,0.0002084-0.00053306i,-0.00032851+5.1385e-05i,-0.001012+0.00045809i,-0.0012982+0.00041962i,-0.0007364+0.00012479i,0.00031381+0.00066993i,0.00020035+0.0010793i,-0.00055057+0.00097088i,-0.0007698+0.00098005i,6.7394e-05+0.00030566i,0.00098777-9.9598e-06i,0.00096783+0.00034367i,4.1146e-05+0.00032057i,-0.00030001+0.00055839i,-0.0003885+0.00043335i
-0.0020532-0.00080502i,-0.0019531-0.00083021i,-0.0014924+0.00028352i,-0.00093204+0.00087477i,0.001152+0.00062079i,0.0024275-0.00042036i,0.0019061-0.0015652i,0.00057061-0.001661i,-0.00095095-0.00085272i,-0.00088281-0.00045823i,4.0812e-05-8.203e-05i,0.0006378+0.00011152i,0.00014319-0.00081847i,-0.00077516-0.00063479i,-0.00063327-0.00011886i,4.7772e-05-0.00040685i,0.00038845-0.00047992i,-0.00012129+0.00018802i,3.5221e-05+0.0010434i,0.00044259+0.00088454i,0.00031845+0.00044085i,0.00010714+0.00018683i,-6.2242e-05+0.00043791i
-0.00051878+0.00016119i,-0.00042673+0.00019879i,-0.00064141+0.0014395i,-0.00039405+0.0016723i,0.00045397+0.00125i,0.0013693+0.00043568i,0.0011785-0.00052508i,0.00016535-0.00092683i,-0.00068514-0.0009541i,-0.0005016-0.00044038i,0.00048449+0.00018982i,0.00098851+0.00047969i,0.00020045+0.00071071i,-0.00023572+0.00039313i,2.5562e-05-0.00022772i,-0.00029288+0.00012222i,-5.6181e-05+0.0002179i,0.00045221+0.00076315i,-9.0028e-05+0.0016672i,-0.00064311+0.00032058i,-0.00011986-0.0013144i,0.00067883-0.0009192i,0.0012513-2.6523e-05i
0.0024722-0.0012028i,0.0013966-0.001433i,0.0017777-0.001415i,0.001179-0.00099345i,0.00023164-0.0010064i,-1.4647e-05-0.0016093i,2.59e-05-0.0014571i,0.00034286-0.0013028i,0.00019175-0.00078252i,-0.00014127-6.7702e-06i,0.00013221+0.00045823i,-0.0003313+0.00027621i,-0.00037086-0.00026185i,0.00030454-0.0002564i,0.0006232-8.8328e-05i,0.00063276-0.00032916i,4.5946e-05-0.00047119i,-0.00035352+0.00078864i,-8.822e-06+0.0010299i,0.00070601+0.00028338i,0.0010633+0.00012188i,0.00040844-0.00026586i,-0.00062164-0.00021055i
0.0018793+0.00058271i,0.00064151+0.00017243i,-0.00072214-0.00084913i,-0.0004056-0.00097723i,0.00022033-0.00026619i,0.00019716-0.0015615i,0.00091696-0.0025441i,6.2906e-05-0.0015797i,-0.00070749-0.00089753i,-4.0328e-05-0.0007511i,-0.00014914-0.0010011i,0.00027369-0.001527i,0.00054878-0.0012441i,0.00045287-0.00058295i,0.00022817-0.000174i,-0.00034546+2.5488e-05i,-0.00051858-8.776e-05i,-0.00071402+0.00039034i,-0.0005956+0.0010508i,-0.00011933+0.0012202i,0.00039602+0.00073478i,0.00060389+0.00026386i,0.0003319+0.00035748i
0.00059908-0.0031258i,-0.0008184-0.0015423i,-0.00088111-8.3335e-05i,2.4819e-05+0.00086409i,0.0006098+0.00079593i,0.00098497+0.00033308i,0.0016585-0.0001469i,0.0018265-0.00024875i,0.0013652-0.00033952i,0.00050506-0.00024405i,-0.00037918-0.00015355i,-9.5628e-05-0.00037519i,0.00012522+0.00015436i,-0.00017124+0.00050761i,-0.00021323+5.8193e-06i,0.00012384-0.00016057i,0.00041719+0.00021032i,-0.0001148+0.00059661i,-0.00023234+0.00037732i,0.00029178+0.00027423i,7.3012e-05-0.00029297i,-0.00042794-0.00044307i,-0.00012384-0.00016377i
0.0037489+0.0019759i,0.0032216+0.0001356i,0.0025382-0.00055362i,0.0018126-0.0010178i,0.0010711-0.0014265i,0.00085262-0.0011809i,0.0014219-0.0010264i,0.001323-0.00068726i,0.00066295-0.00015035i,0.0011663-0.00079823i,0.0011945-0.0014034i,0.00035589-0.0010743i,-7.0403e-05-0.0004243i,-0.00031882+0.00021559i,-0.00080775+0.00062604i,-0.00064115-1.3061e-05i,0.00011633-0.00064907i,-0.00020639-0.0001777i,-0.0005989+0.00058568i,-3.8657e-06+0.0004338i,0.00034853+0.0001452i,-0.00018471+3.6952e-05i,-0.00017402-0.00049221i
-0.0024944+0.00037866i,-0.0024765-0.00040534i,-0.00094809+0.00010201i,-0.00015989+0.00055988i,0.0009845+0.00019454i,0.0011305-0.00034727i,0.00093759-0.00048362i,0.00017867-0.00025847i,0.00020151+0.00010151i,0.00060093+0.00019527i,0.0008049-2.3416e-05i,0.0012322-0.00025572i,0.00066034-0.00047143i,0.00026454-0.0010034i,0.00072504-0.00080978i,0.00071115+0.00032485i,0.00057907+0.00040949i,0.0008206-0.00052422i,0.00069284-0.00081753i,0.00013882+0.00026898i,0.00053887+0.00096035i,0.0010437+0.00037004i,0.00062317+2.4204e-05i
0.0031107-0.0019425i,0.0023115-0.0022717i,0.00050332-0.0013375i,-0.00048546-0.0010783i,0.00038849-0.0013252i,0.00097091-0.0008827i,0.00085189-0.00094223i,-0.00024907-0.00070385i,-0.00058332-0.00018969i,0.00042715+4.3924e-05i,0.00096512-7.2626e-05i,0.00037328+0.00060253i,-0.00012572+0.00059021i,7.3591e-05-0.00051565i,3.2096e-05-0.0010625i,9.6701e-06-0.001361i,5.5506e-05-0.00077928i,-0.0002934-0.00014127i,-0.00044615-0.00049447i,-0.00038011-0.0011233i,-0.00036558-0.00093482i,-0.00056699-0.00063227i,-0.00011258-0.00092825i
-0.0012205+0.0046988i,-0.00024778+0.0034029i,0.00085138+0.002487i,0.0020449+0.0016208i,0.0028037+9.2944e-05i,0.0021424-0.000688i,0.0018816-0.00064441i,0.0015612-0.00039574i,0.00031943+0.00048903i,-5.2265e-05+0.00095266i,0.00027033-2.5281e-05i,-0.00041747-0.0015626i,-0.00055098-0.0014507i,0.00057808-0.00051437i,0.00018108-0.0005673i,-0.00015043-0.00082551i,0.00042992-0.00017137i,-2.6041e-06+0.00056874i,-0.00075126+0.00013368i,-0.00024084+0.00036768i,-0.00021351+0.00079874i,-0.00075299+0.00060414i,-0.0008456+0.00016584i
0.00035652-0.00099833i,0.00019656-0.0014618i,-1.1287e-05-0.00091463i,0.00039726-0.00092809i,0.00095169-0.0012915i,0.0012717-0.00094687i,0.00066919-0.00085129i,0.00063607-0.0004838i,6.6169e-05+0.00038988i,-0.00064085+0.00061495i,-0.00040396+0.00027045i,-5.7527e-05-0.00056723i,-3.3759e-05-0.00075746i,-0.00037717+0.00057859i,5.4307e-05+0.0013892i,0.00057445+0.00033874i,0.00041042-0.00017688i,0.0001399+0.00035935i,-0.00019138+0.00017527i,0.00027687-0.00089654i,0.00034408-0.0012578i,-0.00010693-0.00081086i,-0.00015913+8.3938e-05i
-0.00065667-0.00084312i,-0.0032774-0.0011394i,-0.003857-0.00035105i,-0.0022827-0.00053905i,-0.00034356-0.00038069i,4.6493e-05-0.00042117i,9.745e-05-0.001231i,0.0013531-0.0016535i,0.0012944-0.0012938i,0.00010429-0.00027039i,0.00038303+0.00016895i,0.00062581+0.00057818i,-4.8534e-05+0.00033716i,-0.00067781-0.00018711i,-0.00050823-9.7491e-05i,4.9833e-06+0.00036208i,-0.00020047+0.00015397i,-9.1388e-05-0.00032368i,-7.87e-05+0.0001508i,7.839e-05+1.8646e-05i,0.0005081-0.00060418i,0.00050942-0.00018881i,-0.00013272+0.0003323i
-0.0006251-0.0017036i,5.4261e-05-0.0012696i,0.00032221-3.9652e-05i,0.00035523+0.00054682i,-2.3001e-05+0.00057405i,0.00048619-0.00046108i,0.0012378-0.0012111i,0.00091452-0.00095517i,-0.00033418-0.00038195i,-0.0010521-0.00017814i,-0.00088043+7.0943e-05i,3.9026e-05+0.00072i,0.00036939+0.00042023i,-0.00020938-9.4298e-06i,-0.00020467+0.00032176i,-0.00024926+0.001013i,-0.00012307+0.0011224i,0.0006081+0.00034107i,0.0010014+0.00040197i,0.00029875+0.0011988i,-0.00066847+0.0012228i,-0.00030529+0.001157i,-3.3106e-05+0.00087745i
0.0011289-0.0015871i,0.00055317+0.00050679i,-0.00019829+0.00050174i,-0.00049418-0.000416i,-0.00018559+0.00023075i,0.00075048+0.00027614i,0.000528-0.00065747i,-2.8282e-05-0.001483i,-9.4224e-05-0.0018935i,0.0003192-0.00083839i,0.00053272+0.00018752i,0.00053907+0.00014168i,0.0010049+0.00037253i,0.00056946+0.0008001i,-0.00093838+0.0013111i,-0.0011116+0.00092186i,-0.00040566+0.00070828i,0.00015194+0.0009546i,0.00010831+0.00064525i,-0.00037087+0.00063828i,-0.00039649+0.0002633i,-0.00054259+0.00060297i,-0.00028622+0.00098212i
0.0022341-0.0014924i,0.0011695-0.0028842i,-2.8618e-05-0.0024018i,-0.00010674-0.00084668i,0.00054564-0.00027829i,4.174e-06-0.00070383i,-0.00020321-0.001266i,-6.0761e-05-0.00079121i,-9.1678e-05-0.0002106i,-0.00014037-0.00089586i,0.00012339-0.00048875i,0.0001954+0.00043305i,8.9506e-06-0.00012823i,0.00015297-0.00019616i,-0.00017081-0.00045179i,-0.00083124-0.0012735i,-0.00046437-0.00081119i,0.00032505+0.00021444i,0.00010666+0.00014891i,-6.634e-05-0.0011908i,0.00057347-0.0009121i,0.0011417-0.00025784i,0.00067406-0.00056522i
-0.00028683+0.00071101i,-0.0011764+0.00088676i,-0.0018636+0.00038258i,-0.0013775+0.00019209i,-0.00033906+1.4009e-05i,0.00027805-0.00065335i,0.00047404-0.0011178i,0.0004442-0.0013693i,0.00043045-0.0013789i,0.00046095-0.00078972i,-6.6481e-05-0.00032052i,-0.00051211-5.0195e-05i,-0.00036021+0.00040994i,-9.1274e-05-4.0331e-05i,0.00052997+6.646e-05i,0.00083931+0.00087676i,0.00060809+0.00070575i,0.00011594+0.00024575i,0.00014622-0.00033434i,0.00066439-0.00077546i,-6.156e-05-7.6685e-05i,-0.00047837+0.00050535i,0.00013421+0.0001225i
-0.00088754-0.00097587i,-0.0011311-0.0014633i,0.00044183-0.00093111i,0.0011318-0.00045411i,0.001271-0.00066656i,0.002065-0.00026599i,0.0021287-0.00054026i,0.0020578-0.0010861i,0.0014823-0.00073658i,0.00024286-0.00054902i,-0.00040353-0.00073459i,-0.00012886-0.00019046i,2.174e-05+0.00026415i,-0.00035939+0.0004258i,0.00040725+0.00049685i,0.0012547+4.8737e-05i,0.00067533-0.00035894i,0.00039446-0.00043943i,-7.296e-05-0.00034081i,-0.00058375+1.2284e-05i,0.0004012+0.00011598i,0.00074802+4.8918e-06i,0.00021472-8.6754e-05i
0.0024219-4.3216e-05i,0.0030296+0.00075594i,0.0023261+0.00018343i,0.0012875-0.00014696i,0.00086002+0.0006349i,0.00072625+0.000298i,0.0015443-0.00085106i,0.0023113-0.0013776i,0.0011772-0.00065216i,-0.00036065+1.4047e-05i,0.00018958-4.9362e-05i,0.00088782+0.00011959i,-0.00024526+0.00032048i,-0.00022294-6.0882e-05i,0.00037544-0.00031025i,0.00020964+0.0010055i,0.0005558+0.0011961i,0.0013777-0.00029349i,0.0014273-0.0011588i,0.0006868-0.00063365i,0.00045549-0.00020017i,0.00047405+0.00011758i,0.00048949+0.00060935i
-0.00095371-5.2767e-05i,-0.0013901-0.00089893i,-0.0022335-0.00032822i,-0.0011934+0.00015802i,0.00089703-0.0006662i,0.0021682-0.0011843i,0.0019602-0.001006i,0.0014051-0.00024751i,0.00070556+0.00042981i,0.00028246+0.0002219i,0.00012967-0.0003591i,0.00031583-0.00038321i,0.00053231+0.00020748i,0.00011684+0.00076019i,-0.0002925+0.00069799i,-0.0004911-1.8128e-05i,-0.00040968+6.0098e-05i,-4.7078e-05+0.00027792i,0.00076565+0.00033998i,0.0014015+0.00013886i,0.00064547+0.00012241i,0.00024987+1.6935e-05i,0.00020318-0.00027558i
-0.0015627-0.0001665i,-0.00060433+0.00096863i,5.7613e-05+0.00206i,0.00054038+0.0022335i,0.0010282+0.0017621i,0.0023403+4.1456e-05i,0.0029321-0.0011186i,0.0018494-0.0011259i,0.00014436-0.00038011i,-0.00050682-6.3488e-05i,0.00024003-0.00028441i,0.00062289-0.00010295i,0.00042907-0.00021186i,-5.2356e-05-0.00065905i,-0.00036307-0.00041684i,0.00023212+9.7618e-05i,0.00062446+0.0012964i,0.00050188+0.0011849i,0.00029239+0.00031903i,0.00053635+0.00098614i,0.00037349+0.00074272i,-0.00040359-0.00079933i,-3.1683e-05-0.00049109i
0.0011642+0.00083343i,0.00034544+5.0054e-05i,0.00065997+0.00086526i,0.0012544+0.0012012i,0.0014658+0.0011408i,0.0012961+0.00061279i,0.0011328-3.3089e-05i,0.0010324-0.00050209i,0.00057811-0.00048293i,-5.738e-05-0.00012558i,0.00033994-0.00038098i,0.00059735-0.00028811i,0.00025053+0.000277i,0.00041208-2.4312e-05i,0.00048095-2.3285e-05i,-0.00033905+0.00025787i,-0.00023956+0.00057901i,0.00028805+0.00094509i,0.00018946+0.0010371i,9.4005e-05+0.0012196i,0.00012388+0.0014634i,-0.00036597+0.00079392i,-0.00039016+0.00044815i
-0.001139-0.0021708i,0.00031225-0.0026857i,0.00028886-0.0019951i,-0.00037757-0.00086838i,-0.00033712-0.0004314i,0.00083848-0.0016659i,0.001796-0.0033826i,0.0011084-0.0029554i,-0.00044151-0.0011813i,-0.0005464-0.00011121i,0.00050381-0.00011577i,0.00085694-0.00025777i,0.00079504+1.8972e-05i,0.00083509+0.00013018i,3.3156e-05+0.0011217i,-0.00040805+0.0012066i,0.00024886+0.00037385i,0.00053783+6.8786e-06i,0.00092644+2.7871e-05i,0.00098649+0.00021107i,-0.00012438+0.00021647i,-0.00063777-0.00025593i,-0.00020092-0.0003017i
0.002832-0.0040039i,0.00021422-0.0026283i,-0.001582-0.0015527i,-0.0019561-0.00096465i,-0.0012949-0.00023694i,-0.0010703+0.00022732i,-0.00013968-0.00023488i,0.0011666-0.0011384i,0.00065855-0.0014271i,-7.4471e-05-0.0010914i,-0.00051084-0.0012102i,-0.00043185-0.0013766i,-0.00062459-0.00022623i,-0.0005465+0.00014783i,0.00030727+5.6628e-05i,-0.00043491+0.00032047i,-0.0009127+0.00010063i,-0.00066432+0.00042039i,-0.00099011+0.00081309i,-0.00090643+0.00016689i,-0.001011-0.00076988i,-0.00097239-0.00078539i,-0.00076627-4.5411e-05i
0.00054957+0.0025924i,0.00083985+0.0017204i,0.00086005+0.0009349i,-0.00030899-0.00028469i,1.3481e-05-0.0006461i,0.0011131-0.00034587i,0.0013007-0.00062266i,0.00098158-0.00053724i,3.9864e-05+1.193e-05i,-0.00043305+0.00012128i,-0.00036682-0.00017486i,-0.00082093-0.00030512i,-2.8455e-05+1.4533e-05i,0.0011617+0.00062074i,0.00085172+0.00088943i,0.00018895+0.000399i,-0.00039494-0.00016879i,-0.00027804-0.00018292i,-0.00031556-0.00057812i,-0.0003304-0.0010316i,0.00025108-0.0011459i,0.00016591-0.00028111i,-2.2526e-05+0.0008595i
-5.659e-06-0.00033449i,-0.00099028-0.001577i,-0.0011081-0.0016628i,-0.00082047-0.0014565i,0.0004287-0.0013833i,0.0020339-0.0015042i,0.0019387-0.0016758i,0.00046924-0.00099598i,-0.00020672-1.5811e-05i,-0.00029238+0.00050814i,0.0001528+0.00048823i,0.00033521+0.00081831i,-0.00011318+0.0006586i,-0.0011162+0.0002685i,-0.0014464+0.00015918i,-0.00069937+0.00019909i,-0.00023204+0.00062284i,-0.00037747+0.0011769i,-0.00039083+0.0010574i,-0.00035356+0.00036555i,-0.00047922-0.00027636i,-0.00041912-0.00016409i,0.00049688+0.00033036i
0.0024815-0.0014097i,0.0024955-0.0016128i,0.0017663-0.00086755i,0.001084-0.00026821i,0.0010426-0.0013127i,0.0010489-0.0028784i,0.0013691-0.0025549i,0.0014643-0.00082322i,0.00065888+0.00047119i,-5.376e-05+9.2059e-05i,-0.00019015-0.0010147i,-0.00043639-0.0016148i,-0.00055162-0.0012289i,-3.2203e-05-0.00021555i,0.00014871+0.00063853i,0.00063849+0.00056538i,0.00098879+0.00035398i,0.00056043+0.00073163i,0.00048289+0.00097058i,0.00026363+0.00045304i,6.2492e-05-0.00019102i,-0.00019927-7.5794e-05i,-0.00071143-0.00042658i
-0.00094752+0.0047794i,-0.00041396+0.0036155i,0.00080709+0.0021952i,0.0016121+0.00076198i,0.0016244+0.00011795i,0.0022033-0.00050027i,0.0020511-0.00060319i,0.0011694-9.8185e-05i,0.00069213+0.00022635i,0.00016501+9.5228e-05i,-0.00014046+2.4364e-06i,-0.00020035+2.2141e-05i,-0.00019222-0.00038819i,-0.00011863-0.00059231i,-0.00033548-0.00051178i,0.00014879-0.00044525i,0.0010967-8.7707e-05i,0.00076451-0.00019215i,1.6826e-05+8.1023e-05i,-0.0001323+0.00065958i,0.00036132+0.00080772i,0.00055407+0.00019129i,-1.5521e-05-0.00043775i
-0.0043282-0.0017573i,-0.002339-0.0016588i,-0.0013254-0.00054212i,-0.001166-0.00043516i,-0.00054413-0.00096123i,0.0008091-0.0011759i,0.0010082-0.0014589i,5.5509e-05-0.0014388i,-0.00082284-0.0013829i,-0.00065675-0.0007738i,2.4925e-05-0.00047523i,0.00076571-0.00012466i,0.00086104-7.3343e-06i,0.00016372+1.3831e-05i,0.00024182+0.00045809i,0.000152+0.00047042i,-0.00019002-0.00023595i,2.4099e-06-0.00049343i,-0.00051864+7.1821e-05i,-0.00057147+0.00022308i,-0.00024883+0.00010205i,-0.00030217+0.00016046i,0.00035527+0.0003228i
0.0031802+0.0009308i,0.0011805-5.6583e-05i,0.00031527-0.00037897i,0.00015793+0.00087498i,0.00039057+0.0010875i,0.00098099+0.00017586i,0.00070976-0.00083254i,0.00074437-0.00067642i,0.00023462-0.00047828i,-0.00053071+0.00038007i,-0.00057867+0.0013005i,9.5346e-05+0.0015434i,-0.00018301+0.0012549i,-0.00041366+0.00031911i,1.1389e-05+0.00043531i,-0.00019856+0.00094746i,1.385e-05+0.0011604i,0.00089088+0.0014928i,0.00023934+0.00043328i,-0.0012166-0.00051465i,-0.0011583+5.4061e-05i,6.105e-05+0.00043548i,0.0007517+0.00039323i
-0.0013959+0.0027236i,-0.00030269+0.0017986i,0.00067787+0.00078406i,0.0018518+0.0003371i,0.0028506-0.00020217i,0.0019953-0.0011114i,0.00098982-0.0006927i,0.0002745+0.00021329i,-0.0002386-0.00030731i,0.00047674-0.001436i,0.001445-0.0010607i,0.00096253-0.00018576i,0.00021074-0.00040751i,-0.00045319-0.00054823i,-0.00090761-0.00057505i,-0.0005226-0.00058433i,-0.00019254-0.00030419i,-0.0003772-0.00060059i,-0.00046272-0.00083846i,-0.00052729-0.00035768i,-0.00028855+0.00018517i,-0.00024531+0.00027552i,9.0798e-05+5.9679e-05i
-0.0031554-0.0035243i,-0.0033818-0.0023442i,-0.0021052-0.00098947i,-0.001641+0.00010863i,-0.00085362+0.00020092i,0.0012944-0.00052429i,0.0014794-0.001061i,0.00059465-0.0016989i,-2.0873e-05-0.001594i,-0.00054592-0.00019385i,-0.00072221+0.00056998i,-0.00037662+0.00030844i,-0.00047427+0.00013984i,-0.00086538+8.0996e-05i,-0.00027342+0.00047104i,-0.00020001+0.0003726i,0.00028655-8.9585e-05i,0.00089924+0.00011663i,0.00071281+0.00028493i,9.154e-05-4.5665e-05i,-0.00020958+0.00011727i,-7.4905e-07+8.1261e-05i,0.00018687-0.00020941i
0.0050389-0.00062028i,0.0030864-0.001439i,0.0012337-0.001752i,-0.00016008-0.0011464i,-0.001029-0.00066861i,-0.00080804-0.00082942i,-0.00029621-0.00083801i,-0.00023267-0.0012447i,-0.00019715-0.0013458i,0.00016619-0.0009244i,0.0002228-0.00091953i,0.00029555-0.00054706i,-0.00057417-0.00032805i,-0.00053401+0.00027332i,0.00014563+0.00097707i,-0.00041269+0.00019699i,-0.00099925+0.00032626i,-0.00095703+0.0012409i,-0.00023447+0.00088388i,0.00017931+7.8356e-05i,0.00086615+0.00016614i,0.0011762+0.00062937i,0.00082948-4.869e-05i
0.00021528-0.00034646i,-0.00031997+0.00079851i,-0.00040552+0.0014724i,-0.00028514+0.00035395i,0.00021847-0.00052769i,0.00033615-0.00072316i,0.00028883-0.00074068i,0.00058217-0.00045199i,-7.7741e-05+0.0003436i,-0.00088074+0.00021365i,-0.00038087-5.399e-05i,-0.00010298-0.00044504i,-0.00027653-0.0011705i,-0.00089641-0.0010513i,-8.8882e-05-4.085e-05i,0.00073861+0.0009091i,0.00029994+0.00042234i,0.00011655-0.00053725i,-0.00027715-3.1883e-06i,-0.0003011+0.00081402i,0.00019413+0.0010038i,5.6657e-05+0.00068311i,-0.00059387+0.00045274i
6.6885e-05-0.0042627i,-0.0014792-0.0036725i,-0.0019533-0.0017487i,-0.0022727-0.00042309i,-0.0017613+0.000135i,-0.00029913+7.0886e-06i,0.00065624-0.00038486i,0.00048444-0.00093633i,-0.0002109-0.0012387i,-0.00044115-0.00061233i,-0.0010488+0.00031856i,-0.0014121+0.00059699i,-0.00074236-2.5959e-05i,-0.00091185-0.00029002i,-0.00091669+0.00065644i,-6.7699e-05+0.001333i,-0.0002701+0.0011253i,-0.0006003+0.00065224i,0.00031683+0.00043444i,0.00059957+0.00016405i,-0.00022359-0.00060137i,-7.3916e-05-0.00059498i,-2.1597e-05-0.00035374i
0.0016332-0.00024878i,0.00077136-0.00023418i,0.00033233+0.00092143i,1.613e-05+0.0012091i,-0.00055565-0.00027889i,-0.0001004-0.00024825i,0.0013106-0.00041935i,0.0019632-0.0011505i,0.00076412-0.00072572i,-0.00098871-6.964e-05i,-0.0018337-2.123e-05i,-0.0014779+0.00016405i,-0.00096221+0.00036805i,-0.0011484+0.0004415i,-0.00083697+0.00015484i,-0.00040877-0.00062707i,0.00019949-0.00042613i,0.00062918+0.00011525i,0.0003138+0.00038409i,0.00054804+0.00025118i,0.00082096+3.3345e-05i,0.00058113-0.00014384i,0.00051311-0.0002332i
-2.0728e-05+0.0014728i,0.00055845+0.0015903i,0.00026661+0.00088086i,7.0817e-06+0.00052536i,0.00046645-0.00026761i,0.0017893-0.001523i,0.0015895-0.0012906i,0.00086203-0.0012081i,0.00045612-0.0011752i,0.0003906+3.0211e-05i,0.00012731+0.00069574i,0.00017759+0.00086995i,0.00054252-0.00039255i,0.00018348-0.00078376i,7.7143e-05-0.00011092i,0.00020825+0.00057689i,0.00044607+0.00090723i,-3.0381e-05+0.00069847i,-0.00037501+0.00018219i,2.6265e-05-2.022e-05i,0.00032039-0.00039014i,0.00032972-0.00052827i,0.00087661-4.0389e-05i
-0.0017234-0.00066871i,-0.0016513-0.00010064i,-0.0014827+3.806e-05i,-0.0010807-0.00034609i,-0.00012959-0.00040407i,0.00054711-0.00030827i,0.0010552-0.00069277i,0.001243-0.00039315i,0.00094123-0.00054142i,0.00060303-0.00098926i,0.00045056-0.00066463i,0.00016321-0.00072474i,-0.00013183-0.0006405i,-0.00017613-0.00035413i,0.00034345-0.00045139i,0.00036402-6.6757e-06i,0.00024431+0.0006485i,0.00053391+0.00024825i,8.2142e-05-0.00066698i,0.00034798-0.00022773i,0.00014117+0.0010731i,-0.00026047+0.0012792i,-0.00016153+0.00064373i
-0.0016146-0.0010058i,-0.00083979-0.0010574i,-0.00060171-3.7421e-05i,0.00037502+0.00090958i,0.0025079+0.00080719i,0.0023863+0.00019427i,0.0012527-0.00026383i,0.00079811+0.0004112i,0.0004076+0.00068981i,-0.00010179+0.00069729i,-0.00084904+0.00071557i,-0.00071465-0.00010335i,-0.00034351-0.00014763i,-0.00050023+0.00019612i,-4.804e-05-0.00026492i,0.00013939-0.00049282i,0.00010332-0.00035965i,0.00047779-3.7193e-05i,0.00095838-0.00048894i,0.00069513-0.00089637i,0.00062338-0.00088235i,0.00078331-0.00015958i,0.00040415+0.0008168i
-0.00049608+0.0039491i,1.2824e-05+0.0035434i,0.00065361+0.0029784i,0.0011725+0.0021163i,0.0015985+0.000165i,0.0013073-0.0017491i,0.0011311-0.0020427i,0.0013684-0.00096423i,0.00091973-0.00031823i,0.00079473+0.00031915i,0.0015071+0.0006513i,0.0012553+0.00071895i,0.00090474+0.00032644i,0.00072374-0.00032119i,-0.0001715-0.00010338i,-0.00045819+0.00044292i,-0.0003161+0.0010054i,-0.00040322+0.0010056i,-0.00060629+0.0005033i,-0.00077315-0.00030963i,-0.00058628-4.4873e-05i,0.00054262+0.00071175i,0.00025348+0.00062971i
-5.9295e-05-0.0014486i,-0.0012767+9.6867e-05i,-0.0022873-0.0001929i,-0.0021748+9.3798e-05i,-0.0011508+0.00087503i,8.8964e-05+0.0002643i,0.0011623-0.0011204i,0.00083691-0.0013976i,4.8427e-05-0.00089557i,-0.0004485-0.00043288i,-0.00034638+0.00030615i,0.0001603+0.00050878i,0.00055643+0.00036005i,-4.4717e-05+0.00059278i,-0.00018936+0.00050715i,0.00045668+0.00025708i,0.00040654+0.00029998i,-0.00019054+0.00073923i,0.00017002+0.00088868i,7.0073e-05+0.00049823i,-0.0015585+0.00027948i,-0.0013739-0.00017603i,-5.2174e-05-3.5174e-05i
0.0010253-0.0028305i,-0.00040564-0.0036871i,-0.0020693-0.0028204i,-0.0018374-0.0011247i,-0.00043522-9.724e-05i,0.00086741+0.00020449i,0.0010599+3.1586e-05i,0.00063878-0.00031468i,-0.00026694-0.000731i,-0.00094965-0.0002948i,-0.00021325+0.00077527i,0.00053796+0.00069484i,-6.8471e-05+0.00043548i,-0.00022636+0.00036702i,4.6348e-05+0.0002473i,0.00016508+6.8705e-05i,0.00046664-0.00022657i,0.00034332-0.00018887i,0.00028431-0.00012582i,0.00057997+0.0001567i,0.00041104+0.00058269i,-0.0001564+3.8108e-05i,-0.00051069-0.00033509i
-0.00032243+0.00037797i,-0.00024567+0.00015115i,0.00065422+0.00059089i,0.0016348+0.0012319i,0.0014543+0.00042606i,0.00058425-0.00079529i,0.00065463-0.0010291i,0.0013183-0.00096892i,0.0014165-0.00059369i,0.001194-7.5857e-06i,0.00080286+0.00015517i,0.00023693-0.00032448i,-0.00015633-0.00092155i,7.746e-05-0.00075108i,0.00036762+5.9965e-05i,4.4184e-05+0.00036066i,-0.00049223+0.00037483i,-0.00029152+0.00079589i,0.00041935+0.0012231i,0.00043044+0.00058265i,0.00046166-0.00029764i,7.1399e-05-0.00039636i,-0.0010395-0.00051242i
-0.001974+0.0013991i,-0.001587+0.0021874i,-0.0007684+0.002905i,-0.0004131+0.0027155i,2.7001e-05+0.0015605i,0.0012413+0.00042642i,0.0017515-0.00040822i,0.00076062-0.0002185i,-2.3823e-05+0.0007021i,0.00030126+0.0016164i,0.00083941+0.0016069i,0.00091593+0.00038089i,0.0010009-0.00027726i,0.0012352+0.00018259i,0.00079922+0.00019969i,0.00074975-0.00038063i,0.0007445-0.00038103i,0.00067606+0.00063067i,0.00056305+0.00072962i,0.0001098-0.00014749i,-0.00011551-0.00025526i,0.00040784+0.0002566i,0.00040186-0.00011882i
-0.0013281-0.00014075i,-0.00063414-0.00068935i,0.00042565-0.00050137i,0.00093431-0.00067098i,0.0018971-0.00078083i,0.0018764-0.00079765i,0.0010037-0.0013155i,0.00060299-0.001829i,-0.00022644-0.00069749i,-0.00061797-3.4209e-05i,0.00052768-0.00053076i,0.0009416-0.00024298i,0.00036207+0.00030364i,-0.00024975+0.00043448i,-0.00098763+0.00020243i,-0.0010561-0.0001075i,-0.00041217-0.00021679i,-0.00010041+0.00044795i,0.00081297+0.0005008i,0.0012565-0.00027346i,0.00061164-0.00055678i,1.198e-05+0.00025856i,0.00056647+0.001197i
0.00038158-6.78e-05i,0.00082535+0.00039531i,0.00050521+0.00070542i,-0.00053189+5.5227e-06i,-0.00054624-0.00094012i,0.00067477-0.000971i,0.0011244-0.00065919i,0.0010367-0.00072364i,0.0012676-0.00013357i,0.00077683+0.00015179i,-0.00031414-0.00030172i,-0.00042278-0.00057667i,3.3038e-05-0.00035621i,1.8043e-05+0.00041629i,0.00013786+0.00062897i,-0.00023809+0.00020507i,-0.00085531-0.00020881i,-0.00059329+0.00015584i,-0.0004542+0.00050281i,0.00046388-0.00027475i,0.00021613-0.00022974i,-0.00023755-2.5703e-05i,0.00034104-0.00035821i
0.001083+0.00083884i,0.00014448+0.0010299i,-0.00024788+0.00087988i,-0.00011505+0.0010518i,-0.00017135+0.00088943i,0.00078965+2.9691e-05i,0.0016298-0.0011118i,0.00078727-0.0009663i,-0.0006775-0.00040466i,-0.00054746-0.00066429i,0.0001023-0.00034679i,-7.4847e-05+0.00031712i,-0.00047831+0.00067144i,-0.00045228+0.00057313i,0.00023986+0.00038229i,0.0008067-0.0001354i,0.0001576-0.00051577i,-0.00088192-0.00083737i,-0.00065121-0.00075016i,0.00024115-0.00019534i,0.0001546+0.00019245i,3.3392e-05+2.361e-05i,0.00034878-0.0010221i
-0.0016455+0.0012064i,-0.0013819+0.0005663i,-0.0019001+9.3482e-05i,-0.00060293+0.00014759i,0.00083848-0.001105i,0.0019303-0.0025907i,0.0021636-0.0020572i,0.0019942-0.0012947i,0.0012257-0.00068969i,0.00030604-0.00044216i,0.00051783+0.00014657i,0.00052765-0.00021703i,0.00076468-0.0008637i,0.00072318-0.00069465i,0.00021521-0.00026765i,0.00024231-0.0005775i,-2.0896e-05-0.0012047i,-0.0001806-0.0010302i,6.3879e-05-0.00059193i,0.00038381-0.00051585i,-0.00047602-2.031e-05i,-0.0016094+0.00017679i,-0.00065625-0.00039549i
0.00028831-0.0043097i,0.0011981-0.0029451i,-0.00021876-2.9844e-06i,-0.00059929+0.0015154i,0.00054231+0.001055i,0.0012244-0.00074003i,0.001296-0.0013498i,0.00032014-0.00080776i,-0.0011281-0.0002265i,-0.0010602-0.00025331i,2.3315e-05-0.00016107i,0.00049132+0.00035185i,0.00028035+0.00060866i,-0.00058594+0.00026559i,-0.00071897+0.00044877i,0.00019541+0.00072324i,0.00031257+0.00060614i,-0.00028624+0.00074924i,-0.00065043+0.00061325i,-0.00022865+0.00035653i,8.9555e-05+0.00034266i,0.0001395+0.00013252i,-5.4206e-05-0.00028069i
0.004246+0.0016267i,0.0026457+0.00145i,0.0016688+0.0010333i,0.001132+0.00082768i,0.00079181+0.00090466i,0.0010266+0.00074283i,0.0017752+7.1712e-05i,0.00079007-0.001195i,-0.00098612-0.0013026i,-0.0011462-0.00032883i,-0.00017561-9.8718e-06i,-0.00047393+0.00031223i,-0.0015013-0.00012312i,-0.00069814-0.00068359i,-2.9141e-05-0.0006866i,-0.00078542-2.5615e-06i,-0.0011414+0.00025261i,-0.00074575+0.00016743i,-0.00033063+0.00041097i,0.00019399+0.00010323i,-3.1444e-05-0.00010926i,-0.00037403-8.5407e-05i,0.00033568+0.00021252i
-0.0043526+0.0011019i,-0.004068+0.00099191i,-0.0027141+0.0015938i,-0.0011174+0.0011028i,0.00030456-0.00064128i,0.00073539-0.0014045i,7.3017e-05-0.00082218i,0.00051627-0.00065304i,0.0012098-0.00030894i,0.00090931-0.0002821i,0.00030722+5.2823e-05i,0.00039367+1.8759e-05i,0.00083394-0.00025941i,0.0001204-0.00022712i,-0.00051333-0.00057318i,-0.00011365-0.00054506i,0.00012453-9.7837e-05i,0.00016163+0.00026513i,0.0004697+0.00062896i,0.00071563+0.00059544i,0.00028672+0.00014164i,-0.00038104+0.00024688i,-0.00063551+0.00010661i
0.0012691-0.0017862i,0.00016924-0.0031973i,-9.3361e-06-0.0024216i,-0.00063139-0.00084824i,-0.00073554-0.00080172i,-0.0002493-0.0013765i,0.0004066-0.0011584i,0.00057689-0.0013372i,-0.00014785-0.0012311i,-0.00040213-0.00074181i,0.00022895-0.00054189i,0.00034981-0.00044211i,0.00090416-0.00058731i,0.0014841+1.6977e-05i,0.00075612+0.00028896i,0.00035926+9.8721e-05i,0.00023035+0.00064216i,0.0003769+0.00087744i,0.00079506+0.0010205i,0.0015432+0.00044613i,0.0014498-0.00019924i,0.00065493+0.00028612i,0.00054801+0.00027834i
0.00051015-0.0010997i,-2.7753e-05-0.0013641i,-0.00054999-0.0016163i,-0.0013595-0.0012105i,-0.00048818+8.4069e-05i,0.0017423+0.00045629i,0.0023653-0.00066454i,0.0014074-0.00091741i,0.00058792-0.00065594i,0.00019369-0.00022026i,0.00025217+0.00051649i,0.00045514+0.00012955i,0.00036341-0.0011482i,0.00018379-0.0012487i,-2.2697e-05-6.98e-05i,-0.00028848+0.00057218i,-0.00053897+0.00050096i,-0.00045147-0.00016018i,-0.00054326-0.00024731i,-0.00043065+0.00059785i,4.6695e-05+0.00056294i,-0.00028143+0.00030698i,-0.0008325+0.00035486i
0.00013074-0.00053637i,-0.00078238-0.0002656i,-4.258e-05-4.7017e-05i,0.00083834-0.00010324i,0.00041407-0.00095341i,0.00081764-0.0011881i,0.0010852-0.00085197i,0.00060319-0.00014776i,0.00011709-0.00023735i,-0.0003787-0.00090028i,0.00021106-0.00035345i,0.0014968+0.00016799i,0.0015759+0.0001155i,0.00069614+0.00043098i,0.00067751+0.00062352i,0.00049196+0.0012127i,0.00034756+0.00082763i,0.0011669-0.00018086i,0.001082-0.00012132i,-0.00027175+0.00089763i,-0.00099806+0.00046202i,-0.00034737-0.00051407i,0.00019654+0.00015825i
-0.00033311+0.00090873i,-0.00033082-4.5065e-05i,-0.00039127-6.0675e-05i,-0.0006048+0.00045601i,-0.00016205+1.1528e-05i,0.001442-0.00026421i,0.0017634-0.00092027i,0.00064565-0.0020665i,-0.00021526-0.001567i,-0.00085466-0.00050614i,-0.001145-0.00059544i,-0.00097741-0.00071741i,-0.00049831-0.00043008i,0.00035249-0.00062278i,0.00087757-0.0003922i,0.00057473-0.00029024i,0.00035294-2.9004e-06i,9.4562e-05+0.00021077i,3.6127e-05-0.00040739i,0.00033258-0.00063936i,0.00055824+4.8859e-05i,0.00051602+0.00042406i,0.00077846-0.00041999i
0.0016319-0.00098516i,0.0018182-0.00049415i,0.0010084-0.00029594i,0.0015317-0.00020751i,0.0022324+0.00026189i,0.0017157-0.00029537i,0.0013756-0.00058373i,0.00076799-0.00034381i,0.00020121-0.00057779i,0.00045907-0.00083106i,0.00067443-0.00067524i,0.00079051-0.0006018i,0.00060877-0.0007689i,9.6848e-05-0.00087587i,-0.00040886-0.0011159i,-0.00026372-0.00059742i,0.00036091+0.00088117i,0.00037419+0.0012897i,-0.00026063+0.00024804i,-0.00015831-0.00065836i,5.6064e-05-0.00028765i,-4.7283e-05+0.00057631i,0.00020237+0.001113i
-0.0012203+9.757e-05i,-0.00263-0.00077163i,-0.0029736-0.001248i,-0.0017522-0.00086307i,-0.00071248-0.00057175i,-0.00026924-0.00019249i,0.00034425-0.0012698i,0.00038202-0.0023398i,2.5897e-05-0.0017356i,-0.00034729-8.5961e-05i,-0.00075402+0.00099997i,-0.00046093+0.00061244i,-0.00014697+0.0007492i,-0.00051913+0.00050342i,-9.5662e-05+3.2489e-05i,0.00055384+0.00041155i,7.3265e-05+0.00045642i,0.00013425+0.00024121i,-0.00026444-0.0003242i,-0.0011063-0.00035628i,-0.00069086-0.00020115i,2.2006e-05+0.00012189i,0.00059475+0.00050999i
-0.00068245-0.0029898i,-0.0014922-0.0021223i,-0.0013073-0.0005138i,-0.0010911+0.0013737i,-0.0011823+0.0015635i,-4.1216e-05+0.00082287i,0.001353+0.00057494i,0.0010492+2.5732e-05i,0.00055049-0.00051188i,5.9112e-05-0.00010815i,1.8304e-05+0.00037464i,-0.0004578+0.00029232i,-0.00049789+0.00017153i,-0.00044807+4.4793e-05i,-0.00023542-0.00016155i,0.0003674+0.00021853i,0.00070653+0.00017979i,2.552e-05+0.00026484i,-0.00064874+0.0013206i,5.798e-05+0.0015192i,0.00068012+0.00033132i,0.00039317-0.00013738i,5.8408e-05+0.00076361i
0.0015186+0.0017067i,0.00079231+0.0013097i,0.00012322+0.00027551i,-0.00073251+0.00045464i,0.00015919+0.00046812i,0.0024516-0.00050221i,0.0021117-0.00095121i,0.00051549-0.0015974i,-0.00023848-0.001976i,-0.00029752-0.00085059i,0.00036414+2.4687e-05i,0.00064662-2.2735e-05i,0.00012534-0.0002903i,-0.00049782-0.00033042i,-0.00025775+6.3731e-07i,-2.8073e-05-0.00011279i,-0.0005613-0.00021124i,-0.00032726-3.7645e-05i,-0.00049979+0.00031934i,-0.00070216+0.0001995i,-0.00047529-0.0002209i,0.0002087-0.0007504i,0.00041556-0.00096839i
-0.0021006-0.00097094i,-0.0012978-0.00098089i,-0.00032718+4.0235e-05i,1.9207e-05-9.532e-05i,0.00047575-0.0011003i,0.00091708-0.0010807i,0.00121-0.00072662i,0.0011479-0.00068507i,0.00012657-0.00053323i,7.9063e-05-4.0366e-05i,0.0011507+0.00024446i,0.0013959+0.0003428i,0.00044382+0.00020428i,-0.00029195+0.00013523i,-0.00011665+0.00029852i,0.00031011-0.00021217i,0.00010796-0.00019095i,-0.00070416+1.1311e-05i,-0.00042144-0.0006123i,-0.00045706-0.0012065i,-0.00057064-0.001192i,0.00029443-0.00025763i,0.00096654+0.00070677i
-0.00082009+0.0020409i,-0.00063076+0.00055558i,8.7795e-05+0.00026504i,0.00044368-7.0295e-05i,0.00092652+0.00010389i,0.0011944+0.0004297i,0.0010165+4.7287e-05i,0.00078607+0.00035703i,0.00096205+0.00080597i,0.00041199+0.00098077i,-0.00022812+0.00060448i,-0.0002266+0.0004541i,-0.00018573+0.00054i,6.6838e-05+0.00048142i,5.2875e-05+6.7546e-05i,-0.00016555-0.00024791i,-0.00036813+0.00010808i,-0.00089291-6.6623e-05i,-0.00026162+0.00013051i,0.00019197+0.00025916i,-0.00037971+0.00014748i,-0.0002391+0.00033859i,0.00011991+0.00017483i
-0.0018392+0.00048038i,-0.00020103-0.00059608i,-4.5828e-05-0.00030128i,-4.0924e-05+0.00039952i,0.0012456-5.5632e-05i,0.0016623-0.0013987i,0.0019462-0.0017812i,0.0013703-0.0012294i,0.00061308-0.00078159i,0.00076764-0.00053014i,0.0008106+7.5668e-05i,-0.00027635-0.00017267i,-0.00044645-0.0012315i,0.00033405-0.0011227i,0.00043387-0.0014579i,0.00072775-0.0012671i,0.0009788-0.00029811i,0.00039083-0.00032631i,0.00024807-0.00017325i,-0.00019626+0.001026i,0.00011639+0.0011977i,0.00046562+0.00069842i,-0.00017548+0.00028057i
-0.00045488+0.00084214i,-0.0006045+0.0018874i,-0.0012156+0.0013555i,-0.00036566+0.0004332i,0.00054257-8.4101e-05i,0.0011571-0.00088i,0.0019832-0.0013355i,0.001483-0.0013461i,2.1001e-05-0.0010422i,-0.00026825-0.00063739i,0.00045392-0.00020675i,0.00070617-0.00031284i,0.00028792-0.00089364i,6.9351e-05-0.0012705i,-0.00016855-0.001419i,0.00029816-0.0013866i,-0.00016369-0.0010134i,-0.000844-0.00052481i,-0.00018716-7.6989e-05i,0.00014465+2.9758e-05i,1.2803e-05+0.00038703i,-0.0004736+0.0002755i,-0.00045868-0.00028922i
0.0010359-0.0023003i,-0.00056655-0.0035266i,-0.0003992-0.0026909i,0.00014953-0.0012088i,-0.00021624-0.00077736i,-0.00020928-0.00088188i,0.00072663-0.00088502i,0.00056258-0.0011014i,-0.00013045-0.0014428i,-3.9597e-05-0.0013335i,-3.2748e-05-0.00065987i,-0.00037974-0.00053619i,-0.00076575-0.00064106i,-0.0003492-9.363e-05i,-4.4677e-05-0.00014469i,-0.00060785-0.00060993i,-0.00068736-0.00018255i,7.8814e-05+0.00051092i,0.00039306+0.0004095i,-0.00046737-0.00084352i,-0.00053038-0.0018889i,0.00030951-0.00091839i,-4.0486e-05+7.614e-05i
0.0011993+0.0018009i,0.0013886+0.00027322i,0.00037432+0.00013912i,-0.00043032+0.00078454i,0.0005063-0.00066935i,0.0018725-0.0018585i,0.0025378-0.0013505i,0.0019939-0.00084162i,0.00072782-0.00090937i,0.00023316-0.00033495i,0.00045739+6.9547e-05i,0.00066527-0.00027475i,0.00096972-0.00031772i,0.00065806+0.00051859i,-0.00058874+3.2573e-05i,-0.0012785-0.00021283i,-0.0004943-2.5102e-05i,0.00023581-0.00060562i,0.00027623-0.00040061i,0.0003539+0.00036002i,0.00055887+0.00022601i,0.00018632-0.00020907i,-0.00053024-0.00064148i
-0.0015514-0.0028007i,-0.00105-0.0028376i,7.538e-05-0.0030525i,-9.1742e-05-0.0012112i,-0.00066068+0.00065388i,-0.00025162+0.00095753i,0.00060901-0.00043363i,0.0010476-0.0010577i,0.00023372-0.0010752i,-0.00045162-0.00089454i,-0.00036097-0.00015667i,0.00017117+0.00061094i,0.00043073+0.0011028i,-0.0001245+0.00071772i,-0.0007158-0.00026822i,-0.00062993-0.0005218i,-2.2631e-06-0.00017726i,0.00053107+0.0001541i,0.00025598+0.00021242i,-9.0571e-05+0.00025026i,0.00042417-0.00014147i,0.00060913-1.8317e-05i,0.00062906+0.00038088i
0.0028452+0.00025179i,0.0020945+0.00014053i,0.00090595+0.00089671i,0.00066549+0.00051742i,0.0010632-0.00091859i,0.0014034-0.0006953i,0.00042828+0.0001414i,0.00021934-0.00033073i,0.00063481+0.00013118i,-0.00033836+0.00073941i,-0.00064597+3.9466e-05i,-0.00014887-0.00071528i,0.0004885-0.0008466i,0.0004785-0.00041145i,0.00049397+0.00010224i,0.00019144+0.00077872i,-0.00083738+0.0009253i,-0.00045978+0.00082759i,0.00026008+0.00077659i,0.00020541+0.00035215i,0.00053751+7.35e-05i,0.00070914+0.00037552i,0.00067146+0.00099502i
3.0457e-05+0.00041994i,0.00032868+0.00089951i,0.0002795+0.00068518i,9.4386e-06+0.0017099i,0.00021185+0.0019997i,0.00024626+0.00024754i,0.0010605-0.001527i,0.0014115-0.0013979i,-4.8505e-05-0.0010497i,-0.00059906-0.00092587i,-4.7491e-05-0.00034912i,-0.00040722+0.00022947i,-0.00061969+0.00078667i,-0.00043056+0.001049i,-0.00052354+0.00045858i,-0.00056112-0.00022552i,-0.00012698-0.00021793i,9.7714e-05-3.2405e-06i,0.00022184+1.8966e-05i,0.00017949+0.00015013i,-0.00035314-3.2197e-05i,-0.00026124+0.00014663i,-0.00046985-2.8399e-05i
-0.00099903-0.0034693i,-0.0023878-0.0021575i,-0.0034+2.2738e-05i,-0.0027478+0.0013529i,-0.00041769+0.0015523i,0.0017149+0.001131i,0.0022238-0.00050725i,0.0019044-0.0013245i,0.00022136-0.0011531i,-0.00059814-2.3845e-05i,0.0001994+0.00099487i,0.00016913+0.00077478i,-0.00038188+0.00070586i,-0.00013397+8.9832e-05i,0.00034417-0.00062176i,-3.4738e-05-0.00038972i,-0.00068384+0.00044431i,-0.00014598+0.00066803i,0.00088304+0.00053129i,0.00062176+0.00046926i,0.00038898+0.00034884i,0.00058547+0.00093439i,0.00056221+0.0007473i
-9.6196e-05+0.00048664i,-0.00099384+0.00014692i,-0.0012584-0.00020118i,-0.00014828-0.00011657i,0.00022809+0.00024291i,-0.00013031+0.0005555i,0.00065635-8.613e-05i,0.0012996-0.00034931i,0.00051245+1.8592e-05i,2.2642e-05+3.0557e-05i,-0.0003035+9.0012e-05i,-0.00066782-0.00014244i,-0.00064164-0.00071296i,-0.00029234-0.0012079i,6.6673e-05-0.00093432i,-7.5277e-05-0.00019442i,-0.00033874-3.7225e-05i,-0.00047966+0.00026342i,-0.00041586+0.00051056i,-0.00034084+0.00031923i,-0.00032765-0.00034818i,-0.00019968-0.00062683i,-0.00047926-0.00064876i
-0.0030965-0.0018736i,-0.0020455-0.0012255i,-0.0017826-0.00016544i,-0.0015528+0.00014339i,6.4594e-05+0.00019875i,0.0015641+0.00028098i,0.0017862-0.00028941i,0.0015013-0.00067966i,0.00093457-0.0001655i,0.00039928+9.8015e-05i,0.00022924-0.00012355i,-0.0004607+5.1203e-05i,-0.00065009+0.00014699i,0.00025738-0.00021287i,0.00035075-0.00022155i,0.00011684-0.00016i,0.0003277-0.00035697i,0.0002816-0.00026784i,-1.9606e-05-0.00021749i,6.9359e-05-0.00019085i,0.00018393+4.2065e-06i,0.00056211+0.0006721i,0.00069572+0.00080553i
-0.00015404-0.00058096i,0.00093377-0.0001978i,0.0020264-0.00026152i,0.0016536+0.00024679i,0.0012188-0.00046375i,0.0014284-0.0012693i,0.0016723-0.00079083i,0.0011158-0.00046592i,0.00062126-0.00037075i,0.00083462-0.00039682i,0.00024388-0.00025477i,8.7312e-06-0.00065861i,0.00059742-0.00098256i,0.00048187+0.0003409i,-0.00032271+0.00063115i,-0.00076545+0.00019731i,-0.00086544+0.00039735i,-0.001087+0.00070303i,-0.00087969+0.00027739i,-0.00027949+0.00074535i,-0.00021785+0.00066579i,-0.00064598+0.00027847i,-0.00065489+0.00021845i
-6.4797e-06+0.00048708i,-0.0011282-0.00020049i,-0.00076972-0.00086766i,0.00063086-0.00084086i,0.0013014-0.0011879i,0.0016233-0.0010828i,0.001761-0.00065543i,0.0011863-0.00071848i,-0.00013523-0.00060174i,-5.9091e-05-0.00076608i,0.00052117-0.00074081i,0.00030069+0.0009439i,-0.00021041+0.0020932i,-0.00081962+0.00086585i,-0.0016886+0.00013446i,-0.0020146+0.00034841i,-0.00059721+0.00064592i,0.00043004+0.000633i,0.00025815+0.00019749i,-8.3848e-05+0.00013794i,-0.00037175+0.00017728i,-0.0007362-0.00035983i,-0.0007298-0.00017199i
-0.0011553+0.00072099i,-0.00035891+0.00010302i,0.00085835+0.0010832i,0.0015039+0.0014806i,0.0016026+0.00055126i,0.0010094-0.00013087i,0.0010385-0.0013179i,0.00082728-0.001902i,0.00022872-0.0015351i,9.0508e-05-0.00095682i,0.00027883-0.00087252i,4.5815e-05-0.00043555i,1.0949e-06-0.00039794i,-7.4676e-05-1.8915e-06i,-0.00037904-0.00010609i,-0.00083164-0.00034915i,-0.00097255-0.00030981i,-7.7198e-05-0.00021573i,0.00033921+8.9485e-05i,3.7847e-05-0.00017513i,0.00038774-0.00055627i,0.00066512-0.0002613i,0.00075733+0.00027672i
1.8434e-05+0.0015302i,0.00062629+0.00042625i,0.00092339+0.0013743i,0.00090098+0.0018173i,0.0018356+0.0013611i,0.0023171+0.00041013i,0.0019625-0.0011435i,0.0016013-0.0016883i,0.0012172-0.00027266i,0.0012582+0.00044933i,0.001149-0.00032969i,0.00080875-0.0007743i,0.00022959-0.0011491i,0.00012357-0.0011161i,6.4446e-05-0.00096025i,0.00023517-0.00086021i,7.4902e-05+0.000267i,-0.00095717+0.00051174i,-0.00078864+0.00021153i,-0.00021884-0.00010369i,-0.00012611-0.00051892i,-0.00014232-0.00026178i,-0.00012253-0.0004481i
0.0026243+0.0024525i,0.0013843+0.00081168i,3.549e-06+6.0728e-05i,3.8716e-05+0.00066226i,0.00083288+0.0004034i,0.001309-0.0014219i,0.0016006-0.0018807i,0.001309-0.0014684i,0.00052369-0.0010844i,-0.00020435-0.00078762i,-0.00051457-0.00057913i,0.00010232-0.00058774i,0.00070273-0.00027515i,0.00038238+0.00067372i,-3.6835e-05+0.00047293i,-1.6382e-05+0.00050209i,0.00018299+0.00053312i,-0.00070893+0.00035402i,-0.00079591+0.00039129i,0.00056766+6.5906e-05i,0.0013331-0.00030619i,0.00069695-0.00012695i,-0.00010339+0.00039524i
-0.00057832+5.3491e-05i,-0.00072359-0.00066055i,-0.0011457-0.00080862i,-0.0013042-0.0005055i,-0.000381+0.00098419i,0.0017184+0.0009686i,0.0029267-0.00082695i,0.0018669-0.0012288i,-0.00025189-0.00068111i,-0.0012347-0.0008064i,-0.00062585-0.0010854i,-0.00020227-0.00077089i,0.00032975-0.00026188i,0.00037382-1.4375e-05i,-0.00066294-5.5672e-05i,-0.001121+0.00030571i,-0.00034595+0.00058873i,0.00035314+0.00046918i,0.00072056+0.00039426i,0.00040861-0.00011673i,-0.00010228-0.0006866i,0.00014748-0.00022484i,4.0437e-05+0.00024029i
0.0022793+0.0016691i,0.0021323+0.0016847i,0.00054442+0.0019419i,0.00096389+0.0010873i,0.0018857+4.9643e-05i,0.0019355-0.00049229i,0.0010598-0.0010583i,-0.00045295-0.00083922i,-0.00081181-0.00022544i,0.00037332+7.963e-05i,0.0012671-2.0178e-05i,0.00081699-0.00080366i,0.00034148-0.0011048i,0.00069211-0.00043202i,0.00052465+0.00014296i,0.00024515+0.00071576i,0.00043984+0.0010009i,-0.00039568+0.00054494i,-0.00055684+0.00027682i,-0.00018547+0.00060077i,2.1214e-05+0.0007358i,0.0003682+0.00067344i,0.00024902+7.3277e-05i
-0.0040141+0.0024897i,-0.0028627+0.0014249i,-0.001663+0.0012046i,-0.00024313+0.001949i,0.00034659+0.0011302i,0.0011899-0.00087875i,0.0020615-0.0012456i,0.0017087-0.0005522i,0.00075591-0.00040765i,-0.00038505-0.00065364i,0.00010119-0.00070006i,0.00081511-0.0001342i,0.0010921-0.00021205i,0.00074035-0.00018365i,-6.4171e-05+0.00031603i,-0.00019721+3.4672e-05i,-0.000249-0.0003037i,-0.00036328-0.00066487i,-0.00051509-0.00055573i,-0.00023698-0.00011011i,3.089e-05+7.2937e-05i,-0.00017025-0.00010819i,1.5962e-05-0.000297i
-0.00029478-0.0042844i,-0.00079492-0.0036967i,-0.0019504-0.0023423i,-0.0014835-0.00095099i,-0.00047287-0.00058581i,0.0010214-0.0013922i,0.0015326-0.0021624i,0.00087338-0.0020473i,0.00027655-0.00092623i,-0.0001462+0.00067279i,-0.00033369+0.00058394i,-0.00017953-0.00020334i,-7.0309e-05+0.00038575i,-0.00018594+0.00065805i,-0.0002978-2.0252e-05i,-0.00018329-0.00020722i,2.6201e-07-0.00029811i,-0.00053718-0.00028513i,-0.00085494+0.00010703i,-0.0003937+0.00059635i,0.00027436+0.00081085i,0.00060549+0.000729i,0.00066702-2.9486e-05i
0.0051102+0.0042393i,0.0027097+0.0030682i,0.0012936+0.00082531i,0.00047215-0.00024783i,-0.00082317-0.00050044i,-0.0007878-0.00032174i,0.00031602-0.00063039i,0.00040606-0.0013394i,0.00052158-0.00074466i,0.00074551-0.00035036i,0.00075701-0.00012789i,0.00047983-7.1526e-05i,-0.00016473-0.00027865i,-0.00067952-1.339e-05i,-0.0011359+0.00042656i,-0.00086163-0.00014024i,-0.00032633-0.00014426i,-0.0001803+0.00017169i,0.00021954-0.00023011i,0.00043384+6.9325e-05i,0.00023079+0.00017807i,-3.3619e-05-0.00045251i,-8.3814e-05-0.0005197i
-0.0024151-0.00033703i,-0.00044356-0.0013658i,0.0011591-0.0020773i,0.0014287-0.0014847i,0.00058236-0.00068566i,0.00067351-0.00063112i,0.0010769-0.00097255i,0.00098272-0.0014396i,0.00051735-0.00037346i,-0.00027786+5.305e-05i,-0.00061413-0.0010025i,-0.00033775-0.0006052i,8.5319e-05-1.2436e-05i,0.00039909-0.00068622i,0.00089277-0.00073902i,0.0011563-0.00023002i,0.00091427+0.0004318i,0.0004081+0.00080027i,-8.8617e-05+0.0010241i,-0.00020663+0.00075012i,-0.00022344+4.8382e-05i,-7.6025e-05-0.00062876i,0.00038601-0.0013274i
-9.8371e-06-0.0042391i,-0.00076675-0.0014181i,1.7211e-05+0.00033878i,0.0010081-4.1367e-05i,0.0011605-0.0020434i,0.0014484-0.00267i,0.0014447-0.0018929i,0.00051847-0.0011285i,0.00010458-0.00076568i,-2.6388e-06-0.00039926i,0.00025756-8.0243e-05i,0.00084355-7.7168e-05i,0.00034795+0.00017868i,8.6676e-05+0.00020051i,0.00087212-0.000464i,0.0014528+0.0002724i,0.0015788+0.0010332i,0.0013318+0.0005876i,0.00045037-0.00039187i,-0.00029514-0.00043754i,-0.00014085+0.00017769i,0.00022724-0.00034038i,-4.6188e-05-0.00048625i
0.0030501+0.0028694i,0.0012079+0.0020938i,-0.00060434+0.0022951i,-0.00032481+0.0026031i,0.0010363+0.0020096i,0.0021387+0.00074773i,0.0025464-3.8323e-05i,0.001368+7.5288e-06i,-0.00068713-0.00046987i,-0.00095215-0.00052411i,5.1868e-05+0.00048222i,0.0008224+0.0003149i,0.00087443-0.00037964i,0.00039748-0.00034995i,-8.1531e-05+0.00016607i,6.2099e-05+0.00046678i,-0.00025147+0.0008762i,-0.000957+0.00074151i,-0.00011493+6.9379e-05i,0.00019164-0.00036273i,-0.00042828-0.00047511i,0.00052698-6.9965e-05i,0.00088198-0.00022594i
-0.0051578+0.0022046i,-0.0028452+0.0011696i,-0.001427+0.00010739i,-0.0011373-6.5392e-05i,-0.00015776+0.00055151i,0.0011232+0.00035695i,0.001433-0.0013626i,0.0014401-0.00164i,0.00073342-0.00063864i,0.00024075+0.00036338i,0.00071866+0.00073402i,9.194e-05-2.8717e-05i,-0.0008451-0.00026447i,-0.00044195+0.00035122i,0.00011608+6.5914e-05i,0.00057798-0.00073002i,0.00075376-0.0010068i,-0.0001014-0.00092088i,-0.00055381-0.0003165i,-0.0009147-0.00031365i,-0.001106-0.00017538i,-0.00090044+0.00065394i,-0.00029733+0.00045334i
0.0017731-0.0040951i,-0.00099538-0.002489i,-0.0025769-0.00095912i,-0.0014781-0.00094993i,-5.4419e-05-0.0014703i,0.0001983-0.0020803i,1.0007e-05-0.0028979i,-2.4651e-05-0.0023771i,-0.00056109-0.0011752i,-0.00097418-0.00083559i,-0.00099332-0.00025445i,-0.0012133+4.4251e-05i,-0.00063064+3.3457e-05i,3.9633e-05-8.6452e-05i,0.00019239+0.00049768i,0.00049957+0.0010026i,7.2303e-05+0.00011923i,0.00021534-0.00011683i,0.00044704+0.00080383i,-0.00034591+0.0010827i,-0.00046702+0.00016267i,-0.00030994-0.00026415i,-0.00045918+0.0002345i
0.0035251+0.0023068i,0.0033478+0.0014625i,0.0011709-0.00057345i,-0.0007821-0.00055769i,-0.0017456+0.00061411i,-0.0011702+0.00098609i,-0.00028289+3.2589e-05i,0.00020109-0.00095877i,0.00023449-0.00093424i,0.00032712-0.00053653i,0.00043918-3.2621e-05i,0.00082857+4.0432e-05i,0.0012567+8.4594e-05i,0.00077668-0.00032901i,8.4611e-05-0.00043797i,-9.0115e-05+2.2272e-05i,0.00026201-0.00018714i,-0.00050003-0.00051851i,-0.0012723+0.00011255i,-0.001092+0.0010448i,-0.00068518+0.0011824i,0.00010693+0.00078237i,0.00028621+0.00068805i
-0.0035073-0.0060698i,-0.0021968-0.0052398i,-0.00078451-0.0038597i,-0.00030915-0.0018349i,0.00010074-0.00034248i,0.0014361-1.9539e-05i,0.0022331-0.0013557i,0.0020019-0.0016973i,0.0014309-0.00076502i,0.00029978-5.8763e-05i,-0.00026444+0.00021704i,0.00020279+0.00033835i,0.00040444+0.00011936i,-0.00021977-0.00028935i,-0.00113-0.00050455i,-0.00095955-0.000825i,8.5599e-05-0.00053257i,0.0010139+0.00021671i,0.0010699+0.00012496i,0.00017562+0.00013364i,-0.0003555+0.00057781i,-0.00083673+0.00044463i,-0.00085665+0.00022921i
0.0044212-0.0022358i,0.0018474-0.002027i,0.00018702-0.0011739i,-0.00014473-0.0005751i,-0.00065909-0.0009042i,-0.00017596-0.00077855i,0.00054767-0.0005896i,0.00042176-0.00095644i,0.00033366-0.00051914i,4.9896e-05-0.00037493i,-0.00067315-0.00084342i,-0.00088581-0.0005976i,-0.000825-0.00067312i,-0.0012896-0.0010014i,-0.00084539-0.00058164i,7.8783e-05-0.00062754i,0.00036375-0.00019531i,7.9853e-05+0.00064322i,0.00026558+0.00097242i,0.0008785+0.0007365i,0.00088166+0.00022634i,0.00012534+6.6283e-05i,-0.0002666+0.00038067i
-0.00073087+0.0030297i,0.00047779+0.0033798i,-2.2581e-05+0.0024817i,-0.00092551+0.0012546i,-0.00071895+0.0010407i,0.00016242+0.00081022i,0.00079748+0.00027486i,0.00054287-0.0001351i,-0.00065734-0.00016754i,-0.0011391+0.00010842i,-0.00054049+0.00070523i,-7.0512e-06+0.0014614i,0.00028745+0.00098584i,-0.00023702+0.00073885i,-0.00061352+0.00067255i,-5.1052e-05+3.3342e-05i,-0.00014129+5.7077e-05i,-0.00068802+0.00058503i,-0.00097706+0.00065045i,-0.00077317+0.00039741i,-4.4011e-05-0.0001434i,0.00019861-0.00072077i,-0.00054712-0.0010918i
-0.0025751-0.0063308i,-0.0030636-0.0041227i,-0.0044996-0.0011328i,-0.00325+0.00062871i,-0.0010715+0.00096541i,0.00077437+0.00077149i,0.0015368-0.00061177i,0.00087598-0.0017941i,-0.00022777-0.0013227i,-5.2883e-05-0.0006898i,0.0010079-1.7246e-05i,0.0016169+0.00041357i,0.00073678-0.00023247i,5.1576e-05-0.00088851i,0.00015629-0.00074773i,0.00023572-0.00059316i,0.00058433-0.00050595i,0.00049806-0.00017794i,0.0011008+0.00060237i,0.0016353+0.0012064i,0.0011276+0.00096553i,0.00086209+0.00069523i,0.0011136+0.00083717i
0.0028802-0.0023071i,0.00070757-0.0030182i,-0.0021142-0.0028637i,-0.0023471-0.00084318i,-0.0008301+0.00080425i,0.00076485+0.00072347i,0.0017741+0.00021906i,0.0013555-0.00043634i,5.4805e-05-0.00025539i,-0.00045244+0.00069643i,-0.00038403+0.0014951i,-0.00047836+0.0010478i,-7.6965e-05-0.00010705i,-8.8333e-05-0.00037353i,-0.00065909+0.00012592i,-0.00046988+7.1716e-05i,-0.00011579+0.00055182i,-0.00026085+0.0012266i,-0.00035963+0.0012028i,5.582e-05+0.00087348i,0.00070811+0.00045875i,0.00078469+0.00089401i,0.00072214+0.0010137i
-0.002812+0.00056647i,-0.00064224+0.00070361i,0.00012486+0.00042788i,-0.00041922+0.0015277i,0.00011828+0.0018006i,0.0014992+0.00076226i,0.0019121-0.00078964i,0.0006146-0.00064231i,-0.00030385+0.00036731i,-0.00035643+0.00039778i,-6.2849e-05-0.00033531i,-0.00016693-0.00061472i,-0.00038342-0.00046681i,-0.00037131-0.00042016i,-0.00017839+8.897e-05i,4.7031e-05-0.00044082i,0.00025854-0.0010032i,0.00032153-0.00046063i,0.00035667-0.0004888i,-0.00021243-0.00092184i,-0.00019133+4.5238e-05i,0.00037111+0.00050259i,6.5666e-05+4.3818e-05i
0.0045921-0.00075066i,0.004094-0.001186i,0.0040864-0.0017346i,0.0024821-0.0017651i,0.0013517-0.0014953i,0.0014431-0.0019753i,0.0012398-0.0019864i,0.00089195-0.0010281i,0.00055886-0.0011576i,-4.4214e-05-0.0016661i,-0.00041069-0.00142i,-0.00081376-0.00035024i,-0.0013247+0.00044529i,-0.00082511-0.00039208i,0.00014982-0.0014318i,0.00084716-0.00063116i,0.0011146+0.00069517i,0.00054656+0.0013015i,0.00024417+0.0008506i,0.00058149+0.00021499i,0.00069403+0.00061812i,0.0003063+0.00089255i,0.00010328+0.00056879i
-0.0012958-0.00041157i,-0.0021832-0.00020307i,-0.0026923+0.0011806i,-0.0017627+0.0017241i,-0.00064125+0.0010261i,0.00034552+0.00069148i,0.0018106-0.00042862i,0.0021571-0.0013394i,0.00096952-0.00099551i,-9.0216e-05-0.00056011i,-0.0003651-4.3599e-05i,-0.00052446-0.00029138i,-0.00045133-0.00031905i,-0.00030221+0.00080122i,5.1753e-06+0.0011422i,0.00024893+0.00047054i,0.00023426+4.4807e-05i,7.0241e-05+0.00019184i,-0.00041226+0.00019995i,-0.00035513+0.00018502i,0.00015231-2.8865e-05i,0.00034025-0.00045052i,0.00029274-0.00077601i
0.00090249-0.0024005i,-4.8141e-05-0.0010888i,-0.0014345-0.00018708i,-0.0013048+0.00050892i,0.00015429+0.00028428i,0.0018376-9.9123e-05i,0.0018964-0.00045974i,0.0014347-0.00053992i,0.0012439-0.00022606i,0.00018164-0.00019583i,-0.00028917+2.9095e-05i,-0.00046219+0.0004483i,-0.00065996+0.00030333i,-0.00012726-0.00024762i,0.00038898-0.00039213i,0.00026033-0.00011204i,0.00010578-3.3801e-05i,-0.00036878+0.00028086i,-0.00029761+0.00034434i,-0.00016349+0.00046274i,-0.00026145+0.00028498i,0.00014679-0.00027928i,0.00014075-5.988e-05i
0.0038465+0.0021924i,0.0013341-0.00010533i,0.0005538-0.0012543i,-0.00041521-0.00097722i,-0.0019525-0.00028665i,-0.0010852-1.2751e-05i,0.00097881-0.00043299i,0.001367-0.00015152i,0.00031142-5.1636e-05i,-0.00047779-0.00017523i,-0.00080452-0.00048865i,-4.2397e-05-0.00083123i,0.00026334-0.00085171i,-0.0006639-0.00031111i,-0.0010712-3.4626e-05i,-0.00025408+0.00017726i,0.00059904+0.00055105i,0.0011671+0.00094462i,0.00084575+0.00087758i,-0.00031355+0.00046065i,-0.00066122+0.00014164i,-0.00020014-0.00046601i,0.00026327-0.00031364i
-0.0041758-0.0018678i,-0.0020059-0.0010794i,-0.0014859-0.0013924i,-0.0016547-0.00027964i,-0.00094066+0.0013017i,0.00052611+0.00082462i,0.0012043-0.00011107i,0.00054665-0.0002596i,-7.3671e-06-2.2327e-05i,0.00016532+0.00044111i,0.00069261+0.00098898i,0.0010758+0.0011455i,0.00034852+0.00027964i,-3.9495e-05+0.00012267i,-0.00043806+0.0010101i,-0.00084301+0.0012986i,-0.00044094+0.0011925i,0.00021855+0.0011854i,-5.9869e-05+0.00076238i,-0.00011033+0.00034703i,0.00055467+0.00096591i,0.00037359+0.0012604i,-0.00012583+0.0010236i
0.00039041-0.0043134i,-0.00034048-0.0022856i,-3.1231e-05-0.0005116i,0.00068147-0.00031386i,0.00010109-0.00017941i,1.1217e-05-0.00028096i,0.00082844-0.0011964i,0.0010488-0.0011282i,0.00045028-0.00095669i,-0.00041907-0.00043292i,-0.00095637+3.3151e-05i,-0.00053521+0.00045475i,0.00015426+0.00049551i,0.00051623+0.00027233i,-0.00011511+0.00013855i,-0.00092361-0.00057285i,-0.0012101-0.00061136i,-0.001329-0.00019916i,-0.00056224-0.00018818i,0.0001938-0.00015106i,-4.2574e-05+0.00060279i,-0.00010044+0.00086439i,-2.9958e-06+0.00060514i
0.0023777+0.0012956i,0.0020969+0.00081517i,0.00016927+0.00062532i,-0.0015452+0.00085147i,-0.00077625+0.00088144i,0.00090636+0.00053393i,0.0018619-0.00050803i,0.0015961-0.0012834i,0.00053003-0.00049002i,-4.6109e-06-0.0001631i,0.00013955-0.00073513i,0.00063999-0.0010781i,0.00088071-0.0011461i,0.00064409-0.00011182i,0.00042497+0.00026903i,0.00031073+0.00043161i,0.00052529+0.00079167i,0.00061942-0.00013339i,0.00076566-4.7365e-05i,0.00040471+0.00097249i,-0.00037661+0.00086859i,8.5827e-05+0.00050972i,0.00021813+0.00065907i
0.0014091-0.000658i,0.00062884-0.00039171i,-8.6814e-05-2.9543e-05i,-0.00042926+0.00037963i,-0.00015439+0.00081926i,0.0013398+0.00024316i,0.0019589-0.0012717i,0.0014825-0.0016289i,0.00045036-0.0007998i,-0.00061775-0.00028353i,-0.00078877-2.8422e-05i,-0.00013719-0.00011031i,-0.00032885-0.00025213i,-0.00046533-0.00064226i,0.00024881-0.00066123i,0.00034662-0.00024194i,-0.000119+0.00044362i,0.00034548+0.00077754i,0.0001055+0.0005355i,-0.00022443+0.00065105i,4.4907e-05+0.0012277i,0.00048585+0.00090686i,0.0006418-0.00037656i
-0.00050961-0.0035266i,-0.00097245-0.003977i,-0.0019899-0.0034047i,-0.0016705-0.0019007i,-0.00014494-0.0010073i,0.00053039-0.00060265i,0.0010276-0.0010318i,0.0014564-0.001858i,0.0012844-0.0014824i,0.000461-0.00067198i,-0.00082796+6.8754e-05i,-0.0010318+0.00028402i,-0.00038351+0.00074766i,-0.00027096+0.00093578i,-0.0004959-0.00014267i,-0.00036336-0.00061495i,0.0007164+0.00043532i,0.0011784+0.0007076i,0.00065108-0.00030771i,0.00030168-0.00098201i,0.00062575-0.00060519i,0.00064016-0.00062372i,0.00021861-0.00013817i
0.0023589-0.00010058i,0.0028618+0.00054125i,0.0021798+0.00016502i,0.0013457-5.5036e-05i,0.0019766-1.2053e-05i,0.0023719+5.1939e-05i,0.0022805-0.00025181i,0.0014128-0.0007465i,0.0002569-0.00099636i,3.8293e-05-0.00069167i,0.00039864+0.0001061i,-0.00018828+0.00059524i,-0.00066652+0.00041288i,-0.0011164+0.00054124i,-0.0013838+0.00032183i,-0.00072296-8.5849e-05i,-0.00075542-0.00014092i,-0.00047916+6.5561e-05i,-0.00036345+5.4343e-05i,-0.00026855+0.00020576i,9.2413e-05+0.00086716i,5.2821e-05+0.000745i,0.00025737-4.5419e-05i
0.0035341-0.0013442i,0.0034991-0.00054291i,0.001004-0.0006916i,-0.00072473-0.00037542i,-1.1024e-05+7.8363e-05i,0.0021388-0.00038368i,0.0031038-0.0012112i,0.0019777-0.0014203i,0.00044746-0.0008278i,-0.00060801-0.00016349i,-8.4732e-05-8.7457e-05i,-0.00015364+0.00039664i,-0.001216+0.00065361i,-0.00063115+0.00050121i,0.00077114+0.00018989i,0.0005824-0.00081807i,-0.00032691-0.0013102i,-0.00029295-0.00016252i,0.00050855+0.00050921i,0.00043873+6.4036e-05i,0.00011693-0.00051309i,0.0001856-0.00019914i,-0.00030852+0.00057567i
-0.00029492+0.00069207i,-0.00060682-0.00072231i,-0.0017996-0.0011829i,-0.0016228-0.00093444i,-0.00074205-1.6587e-05i,-2.0085e-05+0.00011654i,0.0013941-0.00037134i,0.00078793-0.00053956i,-0.00018155-0.0008035i,-0.00015973-0.000655i,-0.00086764-0.00051488i,-0.00078701-7.9746e-05i,7.6616e-05+0.00024551i,-0.00015498+0.00038282i,-0.00059707-0.00012826i,-0.00034462-4.0491e-05i,7.8721e-05+0.00085289i,-0.00026576+0.00091204i,-0.0010072+0.0010329i,-0.00048605+0.001085i,0.00013972+0.00041318i,-0.00016568+8.8011e-05i,-0.00012328-0.00027296i
-0.0017939-0.0027794i,-0.0021991-0.0026022i,-0.001901-0.0010762i,-0.0018733-0.00040576i,-0.001549-0.00038117i,0.00024245-0.00054279i,0.0011425+1.1731e-05i,0.00054811-4.5863e-05i,0.00063054-0.0002873i,0.00028561-0.00028463i,-0.00018114-0.00033513i,-0.0001433+0.00045342i,-0.0004758+0.0011788i,-0.00033011+0.00090968i,0.00019587+2.2132e-05i,0.00022242-0.00044504i,0.00029389-0.00070831i,0.00091878-0.0010211i,0.0011673-0.00084017i,0.0011502-0.00011139i,0.0011026+0.00020869i,0.00056762+0.00014517i,-0.00026225-0.00021242i
0.0029576-0.002019i,0.0023094-0.0022335i,0.000783-0.0021405i,-7.2994e-05-0.0010044i,0.00013316+0.0002364i,0.00026159+0.000785i,0.00031482-0.00023946i,0.00039188-0.00085038i,-0.00028427-0.00049737i,-0.0011453-7.7482e-05i,-0.0010488+0.00022835i,-0.00047813+0.00062716i,0.00051923+0.00066911i,0.00041428+0.0010324i,1.2864e-05+0.0020191i,0.00030875+0.0015538i,0.00048538+0.0009696i,4.7356e-05+0.0011249i,-0.00036553+0.00096333i,-0.00020931+0.00059383i,-0.00034687+0.00067958i,-0.00046635+0.00079451i,-0.00032347+0.00070917i
-0.00032907-0.0053565i,0.00029606-0.0042486i,-0.0018896-0.0030398i,-0.0032167-0.0011106i,-0.001795-0.00042126i,0.00072068-0.001417i,0.0017508-0.0027303i,0.0014673-0.0021367i,0.00070999-0.0010693i,-0.00024012-0.0004081i,-0.00051546+0.00051648i,-6.5797e-05+0.0020587i,0.00057754+0.0018338i,0.00038776+0.00043238i,3.0912e-05-0.00037077i,-0.00049689-0.00011073i,-0.00068966+0.00014626i,-0.00037245-3.8255e-05i,-0.00028874+0.00040055i,-0.00062496+0.00021464i,-0.00079142+7.7323e-05i,-0.00034214+0.00068382i,-0.00019234+0.001245i
0.0046374-0.013059i,0.0022385-0.010391i,-0.0038099-0.01121i,-0.0075949-0.0058686i,-0.0075627+0.0010821i,-0.0035269+0.0051743i,0.00071718+0.0030388i,0.0010714-0.0010548i,-0.00093793-0.0029069i,-0.0029478-0.0016871i,-0.0036521+0.0011954i,-0.0027464+0.0031071i,-0.001223+0.003505i,-0.00085267+0.0021758i,-0.0016206+0.00081311i,-0.0012284+0.00066621i,-0.00010898+0.00105i,-0.00049657+0.00076878i,3.5292e-05+0.00047752i,0.00039012+0.00032123i,-0.00044127-0.00018392i,-0.00056819+0.00038358i,-0.00058268+0.00098417i
-0.0035452+0.012757i,-0.0029752+0.010235i,0.002297+0.010813i,0.0065961+0.0069574i,0.0077078+0.0017292i,0.0055581-0.0019933i,0.0020952-0.0011135i,0.00083738+0.0011792i,0.0011961+0.0015643i,0.0029663+0.0010368i,0.0040759-0.00077323i,0.0027863-0.0025505i,0.0015684-0.0026259i,0.0015534-0.0012984i,0.0021304-0.00062574i,0.0020083-0.0013716i,0.00070198-0.00098659i,0.00017816+5.4116e-05i,-0.0003998-0.00017278i,-0.00091851-0.00070392i,-0.00075229-0.0014084i,7.1291e-05-0.0015377i,0.00050493-0.00081034i
-0.0012993-0.00093766i,-0.00035595-0.0013391i,-0.00035831+0.00034284i,-0.00047983+0.00050579i,0.00024212+0.00013851i,0.0017744+0.00065569i,0.0029181-5.9499e-05i,0.0020373-0.0014269i,0.00057861-0.0012603i,0.00052422-0.00057078i,0.00049616-0.00071831i,0.00011674-0.00083421i,-3.7734e-05+0.0003007i,-0.0002326+0.00057727i,-0.0002186+5.4617e-05i,-0.00037765+0.0005139i,-0.0013063+0.00043251i,-0.0010913-9.7571e-05i,-0.00032654-1.8011e-05i,-0.00031653-0.00037043i,-0.00032619-0.00041712i,-0.00088168+3.9089e-05i,-0.00050558+1.2836e-05i
0.0022685+0.00068596i,0.0030894+0.00043674i,0.004223+0.0010741i,0.0043367+0.0010237i,0.0042841+0.00015865i,0.004887-0.00078706i,0.0052071-0.00062576i,0.0037475-0.00062115i,0.0015598-0.00076222i,0.000587-0.00042583i,0.00069202-0.00016576i,0.00024158-0.00017505i,0.00026401-0.00080137i,0.00021055-0.00079536i,-0.00099223-0.00046065i,-0.00096766-0.00026461i,-0.00045432+0.00019454i,-0.00053305-6.7622e-05i,-0.00059392-0.00021089i,-0.00014385+7.3587e-05i,0.00036389+0.00028346i,0.00078094-1.6178e-05i,0.00069601-0.00029548i
0.0011179+0.0033i,0.00048668+0.0027383i,0.00093822+0.0025327i,0.0018299+0.00093779i,0.0016041-0.00067382i,0.00055407-0.00091541i,0.00096898-0.00034728i,0.001113+0.00017233i,0.00061874+0.00014558i,0.0010623+0.0002183i,0.0013301+6.8473e-05i,0.00053225-0.00033758i,-0.00044357-0.00073978i,-0.00045999-0.000458i,0.00013041+0.00051068i,0.00062341+0.00075934i,0.00045264+0.00050422i,-0.00022331+0.00053701i,-8.3815e-05+0.00049464i,0.00097476+0.00022423i,0.00089284-0.00019128i,-0.00022555-0.0005255i,-0.00067102-0.00061888i
-0.00020161+0.0033656i,-0.00087309+0.003322i,9.414e-05+0.0033671i,0.0013493+0.0018325i,0.0021565+0.00013106i,0.0020995-0.00031806i,0.0019875-0.0005692i,0.0016982-0.00018509i,0.00092318+0.00057074i,0.00037224+0.00036688i,0.00011342-0.00096888i,-0.00022921-0.0015744i,-2.1372e-05-0.00091583i,0.00021799-0.00053575i,-0.00011855-0.0012376i,-0.00017791-0.001322i,-5.2915e-05+0.00031464i,-0.00018892+0.0012929i,6.0686e-05+0.00011858i,0.00034187-0.00038141i,-3.9046e-05-0.00013218i,-0.00010769+3.1777e-05i,0.00022719-0.00038899i
0.0011975-0.0016022i,0.00037382-0.001789i,-0.0010867-0.00067047i,-0.0018451-0.00089302i,-0.00061758-0.0014546i,0.002296-0.0016204i,0.003459-0.0016957i,0.0022596-0.0018568i,0.00097433-0.0014104i,0.00063657-8.4468e-05i,0.00087497-1.237e-05i,0.00054763-0.00048144i,-9.7772e-05-0.00089914i,-0.00046438-0.0010433i,-0.00067028-0.00075504i,-0.00042353-0.00077525i,-0.00022423-0.0010432i,0.00017335-0.00052068i,0.00042549-0.00039677i,0.00038356-0.00074605i,0.0007929-0.00084476i,0.00050581-0.00069586i,0.00042858-0.00078926i
0.0034588-5.2002e-05i,0.0015413-0.00021103i,0.00019259-0.0019663i,-0.0012378-0.0023733i,-0.0024158-0.001883i,-0.0024659-0.0015964i,-0.0012579-0.0016181i,0.00099968-0.0018076i,0.0013903-0.00087154i,0.00010758-0.00041523i,-0.00066125-0.00026316i,-0.00083375-0.00051311i,-0.00052863-0.00037791i,-0.00057244+0.00037328i,-0.00045368+0.00073062i,0.00063823+0.00034178i,0.00027665+7.673e-05i,-0.00071844+0.00038218i,-0.00066151+0.00089455i,-0.00076281+0.00075879i,-0.0010413-0.00024233i,-0.00048808-0.00015617i,1.249e-05+0.00071075i
-0.0010011-0.00097817i,-0.00031397-0.0014091i,0.00025162-0.0017556i,0.00018593-0.0016819i,0.00049985-0.00079795i,0.0010796-0.00028712i,0.002035-0.00017948i,0.0022296+1.062e-05i,0.0010201-0.00062592i,-3.2692e-05-0.00099205i,-5.9273e-05-0.00076084i,-0.00015638+0.00053651i,9.3645e-05+0.0012498i,0.00020204+0.00027931i,-0.00019875+0.00011278i,-5.4529e-05+0.00038014i,0.00033501+0.00020658i,-0.00037805+0.00040174i,-0.00045823+9.0194e-05i,0.00077055-0.00011632i,0.0013599-0.00011231i,0.00048202-0.00017499i,-0.00018068-3.5645e-05i
0.0047904-0.00010647i,0.0033181+0.00041383i,0.0020356+0.00091263i,0.0011283+0.00063794i,0.0002103-0.00019837i,0.001463-0.00099991i,0.0026017-0.0014057i,0.0011753-0.0011874i,0.00072521-0.0010986i,0.001142-0.00023513i,0.00068155+0.00066079i,-7.3151e-05+0.0012834i,0.00013468+0.0011013i,0.00031532-0.00030042i,0.00021662-0.00087738i,0.00057614-0.0010609i,0.00026442-0.00093996i,-0.00014523+6.1231e-06i,-5.3709e-05+0.00026624i,-4.177e-05+0.00016831i,0.00026366-7.8551e-05i,0.00077926-0.00083517i,-0.00074504-0.00057763i
-0.0014882+0.0037392i,-0.00083788+0.0017666i,-0.00047747+0.0011998i,0.00011765+0.0017618i,0.0013396+0.0018591i,0.0014695+0.00041938i,0.00098095-0.0014043i,0.0012681-0.0019806i,0.00096873-0.0014887i,-0.00020233-0.00094096i,-0.00037952-0.00023826i,0.00047805+0.00037845i,0.00094951+1.7621e-05i,0.00056636+0.00014272i,0.00011624+0.000651i,0.00055156+2.0696e-05i,0.00032561-0.0004309i,-0.00073812-0.0002897i,-0.00092445-0.00033651i,-0.00017547-0.00041071i,0.00016018-0.00027518i,-9.8409e-05-0.00032618i,4.2512e-05-0.00077785i
-0.0031915-0.0017614i,-0.0021787-0.00015435i,-0.00025544+0.00076215i,0.00072275+0.00042536i,0.0010064+0.00049261i,0.0014102+0.0013251i,0.0015901+0.0011298i,0.0013158-0.00020088i,0.00062005-0.0010301i,0.00046623-0.00084556i,0.00040113-0.00036679i,0.00018193-0.00032193i,0.00021445-0.00031115i,-0.00018814-0.00056801i,0.00029688-0.00061254i,0.0011268+0.00026002i,0.0011062+0.00090308i,-0.00010888+0.00078955i,-0.0010144+0.00033002i,-0.00022184-0.0001247i,0.00058777-0.00058739i,0.00035447-0.0010907i,-8.0479e-06-0.00096777i
-0.0013563+0.0037838i,-0.0017063+0.0035201i,-0.0016488+0.003867i,0.0014352+0.0027333i,0.0034591+0.0014316i,0.0026719+0.00072465i,0.0013178-0.00048926i,0.000523-0.0016935i,0.00021441-0.00097963i,0.00017962+0.00041071i,0.00070856+0.00063984i,0.00097583+0.0011285i,0.00046206+0.00061483i,0.00022371-6.3684e-05i,0.00087197+0.00038886i,0.0011717+0.00021262i,0.00051013-0.00016479i,0.00035308-0.00013112i,0.00052575-0.00025312i,0.00016847+0.00026428i,-1.2306e-05+0.00082215i,0.00011494+0.00049792i,-2.533e-05+0.00046339i
-0.00081718-0.00047796i,0.0010743-0.00087253i,-0.0001876-0.0012158i,-0.0018079-0.00031568i,-0.00063948+0.00026699i,0.0024127-0.00022363i,0.0037455-0.0011341i,0.0017974-0.0013005i,-0.00041894-0.00095224i,-0.00072394-0.00087628i,6.3225e-05-0.00021192i,0.00028085-6.1142e-05i,0.00011767-0.00027897i,0.00030897-0.00028422i,0.00074366-0.00064805i,0.00026333-0.00083254i,-0.00053581-0.00012315i,-0.00027384+0.0006673i,0.00040439+0.00047563i,7.0056e-06+0.00073009i,-0.0010695+0.00075757i,-0.0011638-1.6425e-05i,-0.00049902-0.00032056i
-0.00023872-0.0021196i,0.00015316-0.0028346i,0.00043164-0.0023622i,0.00091383-0.00082932i,0.0014818-4.2003e-05i,0.0013831-0.00039274i,0.00093263-0.00063787i,0.0014401-0.00087383i,0.00060302-0.00099531i,-0.00012113-0.00027233i,4.122e-05+0.0004611i,-8.7588e-05-0.00022962i,0.00013972-0.00053209i,0.00028859+9.9881e-05i,-0.00032587-0.00019491i,-0.00014022-0.00095385i,0.00032464-0.00080932i,0.00066048+1.5361e-05i,0.00068748+0.00035337i,0.00011441-8.9251e-05i,-0.00017414-0.00054474i,0.00032256-0.0004677i,0.0010227-0.0008097i
-0.0027095+0.00098292i,-0.0024502+0.00083753i,-0.0016953+0.0017036i,-0.00082177+0.0019254i,0.00080353+0.0012437i,0.0019774+6.5185e-05i,0.0020669-0.00055666i,0.0015721-0.0011894i,0.00028008-0.00084422i,6.1123e-05+0.00047537i,0.00075302+0.00062097i,0.001038+0.00026681i,0.00082637+0.00062899i,0.00077432+0.00099051i,0.00076213+0.00048343i,0.0003684+0.00032678i,0.00010973+0.00082989i,0.00016203+0.00088605i,0.00027451+0.00060709i,0.00035077+0.00029361i,0.00050511+0.00043847i,-1.6784e-05+0.00051922i,-0.00045775+0.00068543i
-0.00044238+0.00011223i,-0.00031218-0.00052746i,-0.0012252-0.0010102i,-0.00088917-0.00073015i,0.00026256-0.00024769i,0.0017006-0.0005798i,0.0024867-0.00026747i,0.0012279-0.00037458i,-4.9838e-05-0.00047734i,-0.00047355-0.0004168i,-0.00076883-0.00036104i,0.00014901-3.0422e-05i,0.00088724+0.0002491i,0.00026789-0.00039133i,-0.0009248-0.00041707i,-0.00060156+0.00038536i,0.00026911+0.00034402i,0.00038758+0.00023362i,-0.00017535+0.00054548i,-0.00010171+0.0005671i,2.6042e-05+0.00023186i,0.00013569+0.00011383i,0.00013411+0.00027158i
-0.00016822-0.0020245i,0.00038303-0.0014067i,-0.00091098-0.00010193i,-0.00091681+0.001577i,0.0013248+0.0010598i,0.0026497-0.00068524i,0.0013882-0.0011696i,0.00019233-0.0011959i,-0.00025482-0.00047534i,-0.00020715+0.0010766i,0.00028455+0.001001i,4.7159e-05+0.00032264i,-0.00093473+4.457e-05i,-0.00045297-0.0004553i,0.00020562-0.00096574i,0.00021619-0.001036i,-0.00013854-0.00057644i,5.8945e-05+0.00023113i,0.0011172+0.00092782i,0.0010551+0.00052051i,-4.9738e-05-0.00055113i,-0.00040511-0.00050758i,-0.00023815+0.00047i
0.0034961+0.00073139i,0.0013951-0.00029078i,0.00019661-0.0013228i,-0.00033195-0.0014133i,-0.00035127-0.0015714i,0.00032665-0.0016599i,0.0015078-0.001138i,0.0025841-0.00079394i,0.0019828-0.00091053i,0.00071692-0.0007273i,-6.7385e-05-0.00052075i,-0.00049361-0.00029784i,-0.00092107-0.00083294i,-0.00079696-0.00083023i,5.2992e-05+0.00016932i,0.00054359+0.00030296i,0.00012188+0.00023733i,-5.299e-05+0.00072895i,0.0002107+0.0017173i,-0.00039977+0.0014054i,-0.00069774+7.5682e-05i,0.00026694-0.00018696i,0.00013387+0.0003225i
-0.0014206-0.00070244i,-0.00068734-0.00041524i,0.00024792-0.00013909i,2.3961e-05-0.0001286i,-0.00023764+0.00024507i,0.00031823+0.00026405i,0.0011207-0.00080996i,0.0009743-0.0016842i,0.00064952-0.0013103i,0.00055868-0.00083672i,0.00068319-0.00026528i,0.00054224+4.4405e-05i,-0.00034982+8.1083e-05i,-0.0011565+0.00031731i,-0.00040508+4.7321e-05i,2.3745e-05-7.643e-06i,8.1343e-05+0.00049075i,0.00039079+0.00047562i,0.00026405-1.6917e-05i,0.00041843-0.00060031i,0.0006172-0.00076366i,0.0006184-0.0008714i,0.00024811-0.00092061i
0.0019316+3.5332e-05i,0.0013815+0.00066346i,0.00065807+0.0015758i,0.00081517+0.0015448i,0.0014401+0.00047961i,0.0018765-0.00029294i,0.0023171-0.00084869i,0.0018352-0.0011938i,0.00047896-0.00056115i,0.00012632+0.00075892i,-4.1987e-05+0.0010574i,0.00024196+0.00057253i,0.00049213-2.6736e-05i,0.00019434-0.00052818i,0.00037409-0.00054545i,0.00091156-0.00021868i,0.00084514+0.00011354i,0.00074578+0.001086i,0.00036802+0.0010011i,0.00012428-0.00061229i,5.9421e-05-0.0010766i,-0.0002799-0.00033547i,-0.00012564-0.00041805i
-0.00050655-0.00046785i,0.00061438-0.00016027i,0.00033782+0.00031854i,-0.0010591+0.00011449i,0.00017727+8.9374e-05i,0.0024357-0.00085911i,0.0024729-0.0010273i,0.00085351-0.0004757i,0.00043071-0.00043441i,0.00018701-0.00035725i,-0.00074726-0.00059462i,-0.00027329-0.00045081i,0.0010206-0.00049725i,0.0011163-0.00055262i,0.00051535+0.00040733i,0.00078331+0.0012282i,0.00033908+0.00094896i,-0.00072083-3.0764e-05i,-0.001236-0.00077988i,0.00021352-0.00049976i,0.0011581+0.00058963i,0.00036621+0.00056437i,2.9476e-05+0.00025705i
0.0020077-0.0021187i,0.00014676-0.001477i,-0.001842-0.0016325i,-0.0020638-0.0012758i,-0.00018899-0.00038845i,0.0017532-0.00027411i,0.0024044-0.00085367i,0.0015439-0.00057804i,0.00070562+0.00028859i,-0.0001881+4.3094e-05i,-0.00085566-0.00081442i,0.00010388-0.00092064i,0.00033208-0.0001054i,-0.00016149+0.00074442i,0.00016537+0.00024235i,0.00028088+0.00014881i,-0.00046706+0.00016389i,-0.00098409-0.00071558i,-0.00034964-0.00026567i,0.00019428+0.00047169i,-9.3049e-05+2.2184e-05i,5.1517e-05+6.7784e-05i,4.4238e-05+3.3624e-05i
-0.0027898+0.0002583i,-0.00092117-0.00075235i,-0.00083681-0.0012058i,-0.0006201-0.0001436i,-4.2346e-05+0.00079265i,0.00047399+0.0001519i,0.0014681-0.00062671i,0.0017324-0.00085963i,0.00085524-0.00051367i,0.0005061+0.00039049i,0.00054623+0.00071287i,8.1902e-06+0.00086532i,-0.00021254+0.00064178i,-0.00062973-0.00050875i,-0.0006555-0.00052591i,-0.00077844+0.00034412i,-0.0016585+0.00032437i,-0.0013203-0.00020147i,-0.00034339-0.00036256i,-0.00055597+0.00066445i,-0.00071651+0.0009175i,-0.00020143+0.00034325i,0.0010043+0.00040169i
0.0004709-6.5269e-05i,-0.00028646+0.00068179i,0.0006225+4.5172e-05i,0.0016361-0.00077315i,0.0021118-0.0012612i,0.0016858-0.0015721i,0.0018884-0.00148i,0.0017012-0.001402i,0.0007395-0.00095131i,0.00043873-0.00045534i,2.1559e-05+9.6773e-05i,0.00052815-0.00018843i,0.0012666-0.00072525i,0.00066539-0.00031693i,0.00011649+8.4064e-05i,7.1643e-05+0.00058012i,-0.00032459+0.0013665i,-1.6954e-05+0.0017081i,0.0006721+0.0015224i,0.00018787+0.001198i,0.00020495+9.3443e-05i,0.00072295-9.6142e-05i,0.0003416+0.00039961i
0.0015799+0.0023193i,0.0013198+0.00043644i,0.0021081-0.00062304i,0.0014899-0.00079268i,0.00071223-0.00097689i,0.001124-0.00044792i,0.0022971+0.00017748i,0.0026965-0.00034966i,0.0013777-0.00083148i,0.00057123-0.00080201i,0.00027491-0.00038571i,4.7258e-05-5.5339e-05i,0.00071442-4.284e-05i,0.00088928-6.0094e-05i,0.00029629+1.0098e-05i,-0.00014737-0.00043151i,-0.00035412-0.00037977i,-0.00022375+0.00014249i,-0.00076404-0.00034349i,-0.00077721-0.00096527i,0.00016049-0.00076252i,0.00014504-0.00033414i,-0.00034467-0.00033418i
-0.0010055-0.0012155i,0.00019627-0.00015466i,0.00043488-5.6969e-05i,0.00093108-0.00093619i,0.00068719-0.0012447i,0.00068244-0.0010772i,0.00093586-0.00099058i,0.00051576-0.00074549i,0.00032108-0.0010924i,0.00045879-0.00064995i,0.00027718+8.4283e-05i,0.00034045-6.0306e-06i,0.00040084-0.00017135i,0.00037112-0.00037541i,-0.00037631+2.9362e-05i,-0.00068363+4.5165e-05i,0.00037635-0.0002638i,0.00051291+0.00013047i,0.00017499+0.00029105i,-0.00011923+7.4547e-05i,0.00034883-0.00032038i,0.00020899-0.00093199i,-0.00081592-0.00080156i
-0.0014738+0.0021874i,-0.0021737+0.001629i,-0.0015771+0.0018634i,-0.00049494+0.00241i,0.00036262+0.0018902i,0.0011007+0.00098917i,0.0016429+0.00099239i,0.00096923+0.0006137i,0.00065168-4.0028e-05i,0.0010935-0.00019205i,0.0014132-0.00021015i,0.0016258-0.00026522i,0.00087384-0.00065106i,0.00062319-0.00062636i,0.00035782+1.1294e-05i,-0.00052072+0.00070957i,-0.00094537+0.00061987i,-0.0010398+0.00056932i,-0.00047465+0.00096407i,9.7117e-05+0.00045067i,7.714e-05+0.00019979i,3.1058e-05+0.00054309i,0.00050026+0.00046518i
-0.0021993+0.0018744i,-0.0022636+0.0019866i,-0.00074828+0.0025897i,0.0015944+0.0018921i,0.0021438+0.00099237i,0.0018251-0.00027861i,0.0018064-0.00067065i,0.0011099-0.00029718i,9.0749e-05-2.7895e-05i,0.00043296+0.0010634i,0.0013031+0.00083865i,0.0016175-0.00057082i,0.0012978-0.00082676i,0.00079327+0.00030067i,0.00019822+0.00071699i,-0.00026938+0.00092722i,-8.6543e-05+0.00094649i,4.3097e-05-0.00015723i,9.5211e-05+0.00051092i,0.00013691+0.0013615i,-0.00021958+0.00012622i,0.00028293-0.00013149i,0.00053807-0.00029777i
0.0011802+0.0013792i,0.00098346-9.5413e-05i,0.0010025+0.00055405i,0.0015721+0.0011249i,0.0023541-4.1679e-05i,0.0021878-0.00054988i,0.0019417-0.00070231i,0.0011605-0.00063676i,0.00063493-0.00015514i,0.00045028+1.4585e-05i,-7.9066e-05-5.0956e-05i,0.00012535-0.00012592i,4.5326e-05-0.00038109i,-0.00029128-0.00096787i,-0.00031764-0.00082006i,-0.00036812-0.00064652i,0.00036113-0.00082453i,0.00079564-0.00056628i,-9.624e-05-0.00010504i,-0.00047114+0.00038684i,-0.00025037+0.00021462i,0.00024956-3.8785e-05i,0.00092423+0.0002856i
0.00028347-0.0012639i,0.00028116-0.00070181i,-0.0005476-0.00024156i,-0.00030614+0.00034586i,0.00052652+0.0010198i,0.0016139+0.00074288i,0.0020048+1.5033e-05i,0.00088457-0.00061326i,0.00017252-0.00056147i,0.00058988-0.0004013i,0.0012871-0.00053586i,0.0012505-0.00056153i,0.00045226-9.8431e-06i,-0.00015139+0.00051238i,-0.0002553+5.9993e-05i,1.1159e-05+0.00010227i,0.00045614+0.00044972i,0.00087141-0.00025477i,0.0003753-0.00041439i,1.7247e-05+0.000706i,0.00034192+0.0012217i,0.00039201+0.0002102i,0.00058134-0.00019188i
0.0010069+0.0017426i,0.00055664+0.00062994i,0.00095379-0.00099462i,0.0008145-0.0024182i,0.00061186-0.0031455i,0.0010025-0.002078i,0.0018854-0.0012839i,0.0020571-0.00082225i,0.00060559-0.00022786i,-0.0004233-0.00064683i,-0.0002131-0.0013557i,-0.00020481-0.0012402i,-0.00034667-0.00054817i,-6.4215e-05-0.00031842i,-0.0006017-3.303e-05i,-0.00079712+0.00063395i,0.00029172+0.00079468i,0.00083929+0.0011319i,0.00082482+0.00078203i,0.0010041-0.00033995i,0.000381-0.00026489i,-0.00028182+0.00010626i,-0.00032299+0.00053534i
-0.0014502+0.0016i,-0.00023301+0.0020849i,-0.00078285+0.0029872i,-0.00074913+0.0019844i,9.4661e-05+3.5674e-05i,0.0011632-0.0010059i,0.0012224-0.00088252i,0.00025455-0.00041145i,0.00015931+0.00049402i,0.00026647+0.00094814i,-0.00013151+0.00038263i,-0.00044585-0.00044099i,-0.00014068-0.00033958i,0.00054265+0.00025597i,0.00030884+0.00058744i,0.00033462+0.00068188i,-1.6519e-05+0.00013999i,-0.0006088-0.00014051i,-0.00055793-0.00038947i,-0.00064904-0.00020501i,-0.00071852-0.00031679i,-0.00072233-0.00083687i,-0.00049853-0.00054637i
-0.00087221-0.00046377i,-0.00065435-0.0011728i,-0.00045346-0.00056574i,-0.00030586+0.00037755i,0.00072291-2.507e-05i,0.002155-0.00046867i,0.0028066-0.00039977i,0.0025305-0.00091961i,0.0012622-0.00067264i,0.00080633+0.00030903i,0.0011352+0.00079905i,0.0011254-8.4722e-05i,0.00036757-0.00085226i,-0.00012884-0.00044823i,0.0001688+0.0001038i,0.00011604+0.00065855i,-0.00020152+0.00043714i,-0.00010631+0.00031042i,-0.00055007+0.00021783i,-0.00014003-0.00036999i,0.00055092-0.00062063i,0.0010181-0.00058518i,0.00057418-0.0011563i
0.00089006-0.00058072i,0.00024245-0.00026066i,0.00057625+0.00086698i,0.0010404+0.00025342i,0.00066853-0.00079317i,0.00025902-0.0004405i,0.00010531-5.998e-05i,0.00011734-0.00049441i,-0.00065796-0.00075821i,-0.00084075-0.00091184i,-0.00044201-0.00051164i,-0.00016878-0.00017723i,7.0933e-05-0.00035255i,0.00031462+0.00012146i,-8.9091e-05+0.00057773i,-0.00021794-0.00040625i,-8.5089e-05-0.0010345i,-0.00014739-0.00034776i,-0.00010337+0.00023242i,-5.763e-05+0.00045178i,-0.00044353+0.00045857i,-0.00055516+0.00038215i,-0.00011397+0.00032346i
-0.00044731+0.0012913i,0.00049413+0.0011609i,0.00047254+0.00090167i,0.00010848+0.0010872i,0.00088862+0.00058826i,0.0020208-0.00030639i,0.0019125-0.00091609i,0.00074555-0.001778i,1.8559e-05-0.0013934i,-0.00032557-0.00012357i,-0.00092803+0.00092538i,-0.00079687+0.0015564i,-0.0001616+0.0010289i,0.00018701+0.00021745i,0.0002992+0.00011489i,0.00041278-0.00026531i,0.0004232-3.1748e-05i,-0.00010524+0.00068271i,-0.00038307+0.00032325i,0.00035317+8.9993e-05i,0.00075563+0.0001687i,0.00021902-0.00032474i,-0.00073123-0.00052306i
-6.5276e-05-0.0020319i,-0.0013382-0.0013302i,-0.0026251-0.0015026i,-0.0019932-0.00095762i,-0.00065317+7.5333e-05i,0.00015445-0.0001598i,0.00062649-0.0010385i,0.00044539-0.00086394i,0.00020196-0.00097558i,-8.5983e-05-0.00082028i,-0.00011887+1.5902e-05i,0.00033407-3.0108e-05i,0.00012951-0.00029812i,-0.0006468-0.00035477i,-0.00063056+2.5955e-05i,-3.2308e-05-1.8584e-05i,-8.4298e-05-0.00089838i,-5.0419e-05-0.00092032i,0.0001789-0.00028931i,0.00016052+6.7186e-05i,0.00052073+0.0007113i,0.00082071+0.0013351i,0.00024394+0.0011205i
-0.0017307-0.0018794i,-0.001171-0.0010178i,-0.0010642+0.00034587i,-0.0001444+0.002104i,0.0014378+0.0022418i,0.0024742+0.00044047i,0.0028578-0.00054646i,0.002255-0.00048487i,0.00044881-0.00049054i,-0.00036511+2.1596e-06i,-0.00013589+0.00037465i,-0.00026461+0.00049776i,-0.00039965+0.00030829i,-0.00030509+9.1125e-05i,0.00040231+0.0005016i,0.00099396+0.00077984i,0.00084082+0.00055393i,0.0010142-0.000136i,0.00028009-9.2231e-05i,-0.00047359+0.00043044i,0.00045241+0.0005914i,0.00076914+0.00083817i,-0.00014853+0.00038798i
-0.0014924-0.0019107i,-0.0024562-0.00024719i,-0.0018635+0.00099881i,-0.00020775+0.00099831i,0.0011914+0.0010522i,0.0019903+0.00099803i,0.0021882+7.7366e-05i,0.0016128-0.00092251i,-0.0001727-0.00036766i,-0.0010189+0.00059564i,0.00024161+0.00060437i,0.00085234+0.00052346i,0.00048722+0.00063101i,1.1494e-06+0.0001372i,-5.3584e-05+7.834e-05i,-0.00074088+0.00055952i,-0.00075508+0.0007209i,-0.00026907+0.00042419i,-0.00067581+1.9447e-05i,-0.00066439-0.00016077i,-0.00026407-0.00012115i,0.00040969+9.6261e-05i,0.00067871+0.00048536i
0.00015657+0.0025994i,-0.00039659+0.0015541i,0.00029543+0.0012447i,0.0014075+0.001289i,0.0015727+0.00062951i,0.0020657-0.00056326i,0.0028786-0.00018278i,0.0028882+0.00051898i,0.001933+0.00045022i,0.001149+0.00032984i,0.000184+0.00020402i,-0.00036613+0.00017031i,-0.00048711+0.00046731i,-0.00057554-0.00014922i,-0.00020687-0.00032999i,-0.00030819+0.00027355i,-0.00054237+0.00011597i,-5.9052e-05+0.00020141i,0.0001489+0.00087502i,0.00017728+0.00056111i,0.00067988-0.00057576i,0.0005782-0.00054388i,-0.00010749-0.00022443i
0.00061069+0.00029707i,-0.0001523-0.0012186i,-0.0013278-0.0013172i,-0.0003606-0.0012345i,0.0012354-0.00088251i,0.0018761-0.00022954i,0.0017046-0.00065252i,0.0012713-0.0017147i,0.00052432-0.0017189i,0.00027322-0.0018056i,-0.00027609-0.0013683i,-0.0010772-0.00089895i,-0.00075911-0.001378i,-0.00082677-0.0014529i,-0.00098258-0.00041945i,-0.00058863-2.8481e-06i,-0.00073387-0.00011664i,-0.0015656+0.00050637i,-0.0010123+0.00090822i,-0.00029599+0.00056733i,-0.00054475+0.00023172i,-0.00049294-0.00024789i,0.0002447-0.00022478i
0.00013571+0.0030384i,-0.00049744+0.0017634i,-0.00064134+0.0011545i,0.00025047+0.00050426i,0.0005926+4.8286e-05i,0.0012966-0.0014134i,0.0016326-0.0013469i,0.0010702-0.00079724i,0.00022002-0.00092374i,-0.00053621-0.00095399i,-0.00070191-0.00058402i,-0.00034368+0.00033243i,0.00025788+0.00058954i,3.1471e-05+0.00016959i,-0.0010066-0.00044603i,-0.0010372+7.0926e-05i,-0.00021868+0.00033547i,0.00060714+0.00063477i,0.00093786+0.0011826i,0.0005084+0.00048291i,0.00015908-0.00058188i,0.00028391-0.00049147i,0.00037622-0.00061034i
0.00064286-0.00097807i,-0.00020802-0.00069305i,-0.00096561-0.00093943i,-0.00041693-0.00042973i,0.00032766+0.00050954i,0.0016663+0.00094999i,0.0032303+8.8391e-05i,0.0022149-0.00062315i,-0.00010329-0.00046446i,-0.0010554-0.00082693i,-0.0012643-0.00043912i,-0.000342+1.0568e-05i,-0.00031038+0.00016916i,-0.00052718-2.0029e-05i,0.00058196-2.5717e-05i,0.00056139+2.6919e-05i,2.1012e-05-0.00031707i,0.00017733-0.00025409i,0.00026952+0.0003455i,0.00020329+0.00026655i,-0.00022271-9.7348e-05i,-0.00058162-0.00029081i,0.00013884-0.00026164i
0.00071728-6.9115e-05i,0.00049337-0.00018042i,0.00043232+0.00055088i,5.2161e-05+6.1239e-05i,6.1699e-05-0.0016094i,0.00092438-0.0018797i,0.0018417-0.0005154i,0.00218-5.81e-05i,0.0015978-0.00038734i,0.0004966-7.7674e-05i,0.00045833-0.00015105i,0.00021264-0.00085107i,-0.00058268-0.0010226i,-0.00011751-1.1552e-05i,0.0003021+0.0010117i,-0.00047087+0.00088354i,-0.0007671-4.8652e-06i,0.00043931-2.5178e-05i,0.0006861+0.00085625i,-0.00024143+0.00089678i,-0.00034881+0.00030174i,-0.00017675+0.00046011i,-0.00012147+0.00041237i
0.0014118+0.00069401i,0.0011137+0.00054756i,0.00091245+0.001373i,0.00147+0.0019217i,0.0023099+0.0013293i,0.0025306+0.00094908i,0.0024307-0.00020458i,0.0017662-0.0011525i,0.00025561-0.00029326i,0.00035625+0.00091736i,0.00064909+0.00083063i,-3.355e-05-0.00017356i,0.0006847+0.00016393i,0.0014944+0.00099922i,0.0010188+0.0001041i,0.00051683-0.00083418i,-0.00012317-0.00040238i,-5.4181e-05-0.00019729i,0.00025628-0.00032635i,0.00055997-0.00045243i,0.00025329-0.00055746i,-1.0955e-05-0.00030744i,0.00028187+0.00011045i
-8.4409e-05+0.00098573i,-0.00079042+0.0001082i,-0.00043031-0.00097604i,-0.0014628-0.0026054i,-0.0015717-0.0029927i,-0.00064373-0.0013925i,0.00023384-0.0010422i,0.00097126-0.0013175i,0.0006458-0.0013835i,-0.00068673-0.00025699i,-0.0014598+0.00044861i,-0.00052646-0.00031576i,0.00023368-0.00021745i,-0.00023207-0.00018532i,-0.00057466-0.00041754i,-0.00061085-0.00026473i,-0.000421-0.00037939i,-5.1522e-05-0.00029449i,0.00011929+0.00029733i,1.9919e-05+0.00014613i,5.333e-05-0.00024719i,-8.318e-05-0.00013498i,-0.00010662+0.00034278i
0.00058854-0.0030308i,8.896e-05-0.0019941i,-0.00032531-0.00075183i,-0.00015793+5.8538e-05i,0.00045435+0.00077447i,0.00092916+0.000256i,0.0015903-0.00035018i,0.0011229-0.00072272i,0.00050502-0.0011087i,0.00079401-0.00033615i,0.0011346+0.00023448i,0.000233-0.00035663i,-0.00078911-0.00051288i,-0.0002818-0.00077196i,0.00010427-0.00108i,8.0317e-05-0.00047558i,0.00036081+0.00024775i,5.7435e-05+0.00093622i,-0.00013055+0.0009354i,0.0002739+0.00032076i,0.00014059-0.00011628i,-6.1359e-05+7.7745e-05i,-0.00047326+0.00044734i
0.002038+0.00085158i,0.0011473-0.00023956i,4.4084e-05-0.0014521i,-0.00031688-0.0011887i,0.00035697-0.00054301i,0.00081712-0.0009307i,0.00032954-0.0010079i,7.3319e-05-0.00099541i,0.0004047-0.0016294i,0.00030064-0.0010701i,-0.00043256-0.00080185i,-6.477e-06-0.00074156i,0.00080322-6.1966e-05i,-7.5135e-07+0.00013719i,-0.00071426-6.8422e-05i,-0.00038475-0.00020049i,0.0002653-4.2487e-05i,0.00013922+0.00022586i,-0.00046734+0.00016906i,-0.00041502+0.00041324i,0.00039919+0.00044407i,0.00064978+0.00027981i,-5.0836e-06-7.9502e-05i
-0.0029422-0.0019496i,-0.0010415-0.00038707i,-0.0012086+0.0018489i,-0.00082986+0.0032404i,0.0016606+0.0030699i,0.0032218+0.00048431i,0.0030931-0.0013394i,0.0018296-0.0013602i,-8.971e-05-0.00035575i,-0.001112+0.00098658i,-0.0010898+0.0012347i,-0.00066597+0.00078264i,-3.862e-05+0.00047029i,0.0002214+0.0011048i,4.9325e-05+0.0012533i,-8.6347e-05-0.00016368i,-0.00031344-0.00043228i,-2.2939e-05-0.0001452i,0.00051847-0.00024221i,0.00048714-0.00037358i,6.0149e-06-0.00066196i,5.0901e-05+9.8781e-05i,0.00044961+0.0012361i
0.0019966+0.0023519i,8.8122e-05+0.0027125i,-0.00039327+0.0019773i,7.7166e-05+0.00051632i,0.00067571+0.00019708i,0.00078444+0.00019031i,0.00077477-0.0005124i,-2.6229e-05-0.00081999i,-0.00038639-0.00056106i,0.00044028-0.00079498i,0.0011038-0.0015734i,0.0011784-0.0011314i,0.00052427-0.00067768i,-0.00048918-0.00028287i,-0.00081684+0.00063254i,-0.00046185+0.00075838i,-0.00028081+0.0010018i,-0.00055814+0.001133i,-0.00072635+9.2409e-06i,-0.00038437-0.00075143i,-0.00021506-0.0012461i,-0.00073891-0.0011705i,-0.00042133-0.00060735i
-0.0022804+0.0020623i,-0.0016936+0.0014811i,-8.8215e-05+0.00095518i,0.00072713+0.00143i,0.0011149+0.00096751i,0.0020358-0.00020191i,0.0023071+0.00038763i,0.0015076+0.00084362i,0.0010482+0.00024341i,0.0012994-5.1675e-05i,0.00092119-0.00019793i,0.00094584-0.00022705i,0.00095908-0.00054656i,0.00028942-0.00098828i,0.00038821-0.0011151i,0.00040442-0.00065288i,0.00032397+0.00030555i,0.00069737+0.00055169i,0.00055705+0.00028717i,0.00031308-0.00015285i,0.0010118-0.00063923i,0.0012541-0.00059991i,0.00081299-0.00046968i
-0.001048-0.0020939i,-0.0010799-0.0010763i,-0.002358-0.00044963i,-0.0017897-0.00041836i,-2.0348e-05+2.0916e-05i,0.00090421+0.0002902i,0.0013269-0.0012655i,0.001389-0.0021976i,0.00085653-0.0010073i,0.0003591-0.00048618i,0.00015837-0.00072942i,2.0725e-05-0.00057551i,0.00039132-0.00087856i,0.00030979-0.00072523i,2.1853e-05+0.00017073i,-0.00044634+0.00035951i,-0.00082257-0.00028609i,-0.0010889-0.00031344i,-0.00046879-0.00033058i,-6.8932e-05-0.00021314i,-0.00022975+7.3132e-05i,-0.00063234-0.00032512i,-0.00045824-0.00032918i
-0.0011687+2.2548e-06i,-0.0016101-0.00097515i,-0.001723-0.0003125i,-0.00075565+0.00061973i,0.00016362+0.0002489i,0.0018456-0.00026953i,0.0028514-0.00047267i,0.0017784-8.2561e-05i,0.00050245+0.0001398i,-0.00048545+0.00040067i,-0.0004028+0.00088707i,0.00071386+0.00015336i,0.00080294-0.00055268i,0.00072713-0.00019301i,2.1721e-05+0.00016467i,-0.00027732-0.00019148i,0.00058482-0.00046986i,0.0004442+3.3835e-06i,0.00022049+0.0012401i,0.0001183+0.0002895i,-0.00025378-0.00086694i,3.137e-05-0.00062913i,0.00063605-0.0014448i
0.0010546-0.003397i,0.0015493-0.0024215i,0.0011355-0.0013325i,-3.49e-05-0.0011695i,0.00062724-0.00035195i,0.0017272+0.00047045i,0.0022165-0.0004254i,0.0014189-0.0010584i,0.00011825-0.00048988i,-0.00057316+3.4499e-05i,-0.00099254+0.00047331i,-0.0013074+0.00066552i,-0.00094154+0.00041578i,-0.00028945+0.00013293i,-0.00016057+0.00018704i,-5.355e-05+0.0002798i,0.00012276+0.00034813i,-0.0001919+0.0005011i,-0.00020947+0.0005783i,-0.00055586-4.1893e-05i,-0.00046258-0.00071982i,0.0002955-0.00055658i,9.8481e-05-0.00035916i
0.004819+0.0028907i,0.0021313+0.0011386i,0.0014761-0.00056065i,0.0013223-0.0014827i,0.00067372-0.0018752i,0.00069538-0.0019589i,0.0015928-0.00164i,0.0019487-0.0013234i,0.0011322-0.00074657i,0.00023057-0.00038221i,-7.064e-05-0.00040393i,-0.00017215-6.0261e-05i,-0.00049674+0.00010842i,-0.00067036-2.4332e-06i,0.00034008+1.876e-05i,0.00082956+0.00037751i,7.5464e-05+0.00055042i,0.00026217-7.3526e-05i,0.00039012-0.00031978i,0.00040441-0.00017774i,0.00044635+0.00023648i,0.00041397+0.00090667i,0.00078276+0.0011216i
-0.0022582+0.00029162i,-0.00075022-7.1224e-05i,-0.00089883+0.0006161i,0.00025373+0.0012635i,0.0020739+0.00056596i,0.0028107-0.00083434i,0.002442-0.00085683i,0.00148-0.00057696i,0.0013646-0.00073831i,0.00092207-0.0004003i,0.00039662-0.00032141i,0.00075989-0.00056138i,0.00048459-4.1073e-05i,-0.0001538+0.000571i,0.00010825+0.0010481i,0.00023436+0.0011819i,-0.00044496+0.00081351i,-0.0004572+0.00030065i,-0.0001103+0.00055378i,0.00022214+0.0006764i,0.00086734-8.5606e-05i,0.00088217-0.00040742i,0.00046914-3.8288e-05i
0.0028623-0.002065i,0.0014238-0.0013491i,-0.00036136-0.00012682i,-0.0012196+9.0902e-06i,-0.00012765+0.00020771i,0.00090844+0.00094994i,0.0016389+0.00079821i,0.001882+0.00040729i,0.0011299-8.795e-05i,0.00053777-0.00070627i,0.00078984-0.00030234i,0.00040573+0.00010098i,-0.00037726+0.0001842i,-0.00036491+0.00075712i,-0.0002938+0.0009187i,-0.00052943+0.00030792i,-0.00012251+0.0007965i,-0.00014865+0.00086848i,-0.00020186+0.00020438i,-0.00020965-0.00024764i,-0.00015709-0.00073322i,-9.6454e-05-0.00048456i,-0.00024968+0.00063898i
-0.0012498+0.0018649i,-0.0014061+0.002066i,-0.001957+0.0022614i,-0.0009056+0.0018569i,0.00054561+0.0010462i,0.002095-0.00034482i,0.0023924-0.00050744i,0.0012361-7.2505e-05i,0.00077123-0.00056391i,0.00092661-0.00067728i,0.00082598-0.00043621i,0.00092086-0.00031043i,0.00091763-6.2331e-05i,0.00033118+0.00039714i,0.0002739+0.00017072i,0.00056984-0.00036345i,0.0003549-0.00010859i,0.0005574+0.00035284i,0.00055677+0.00052145i,0.0002393+0.0007456i,-6.7695e-05-0.00016482i,0.00027398-0.0004826i,0.00038815+0.00039307i
-0.0016549-0.00077245i,-0.0016836-9.4309e-05i,-0.0018036+1.9698e-05i,-0.0026151+0.00027857i,-0.0016068+0.00037285i,0.00043244+0.0011639i,0.00132+0.0011688i,0.00082158+3.6119e-05i,-0.00032369-0.00048394i,-0.00059387-0.00049342i,-0.00026314+1.4737e-05i,-0.000327+0.00011806i,0.00022835+0.00035258i,0.00070005+0.00074056i,0.00013242+0.00078667i,-1.2273e-06+0.00047457i,-8.5197e-05-0.00030038i,6.6054e-05-0.0010349i,0.00022097-0.00033179i,0.00014141+0.00014053i,0.00051425-0.00021838i,0.00056765+0.00017325i,0.00040084+0.00011715i
0.00039762-0.0030521i,-0.00034197-0.0024148i,-0.0013546-0.00084531i,-0.00033128+0.00025171i,0.0010521-0.00019496i,0.0018365-0.00032273i,0.0023281+0.00010624i,0.0025775-0.00047197i,0.0014026-0.00088708i,-0.00021387-0.00098017i,-0.0011342-0.00061285i,-0.00081698-0.00017486i,-0.00031388-0.00063293i,-0.00018317-0.00078375i,-0.00040667+8.0605e-05i,-0.00047491+0.00056874i,0.00048404+0.000593i,0.00060722+0.00060822i,-0.0002393+0.0010014i,-0.00010882+0.00065625i,0.00046983+0.00072786i,0.00031826+0.00066777i,-6.5797e-05+0.00015401i
-0.00025305-0.0018076i,-0.00077988-0.00035303i,-0.0013571-0.00034471i,-0.0018763+0.00024761i,-0.0021478+0.0014764i,-0.000441+0.0021625i,0.0018204+0.0013204i,0.0016949+0.00051072i,-0.00012718-0.00010708i,-0.0012998+0.00037875i,-0.00050938+0.00063914i,0.00046115-7.1142e-05i,0.00020596+9.7106e-05i,-0.0002452+0.00087917i,0.00019556+0.0013386i,0.00073864+0.0010735i,0.00074877+0.00073124i,0.00043438+0.00053532i,-0.00044109-0.00085756i,-0.0005789-0.00046492i,0.00052025+0.00085177i,0.0011267+0.0012427i,0.0010435+0.00077437i
-0.002848-0.0033161i,-0.003906-0.0029822i,-0.004092-0.0010509i,-0.0015841+0.00034132i,0.00078558+0.00031753i,0.0014409-0.00046095i,0.0020067-0.00081067i,0.0010797-0.0012757i,-0.00048693-0.00083093i,-0.00021262+0.00074744i,0.0007334+0.0015651i,0.00077113+0.00095127i,0.00035989-0.00036473i,0.00016753-0.00066181i,0.00036426+9.7747e-05i,0.00025105+0.00075842i,6.2744e-05+0.00057157i,0.00028977-0.00011609i,0.00047437+0.00023839i,-0.00022011+0.00098813i,-0.00086714+0.00034196i,-0.00085599-0.00022993i,-0.00050382+0.00021564i
0.0019803-0.0028328i,0.0022601-0.0021745i,0.0008367-0.0014468i,-0.0007356-0.00075579i,7.8826e-05+0.00043279i,0.0026574+0.00059469i,0.0030527-0.00065074i,0.0025338-0.0015318i,0.0014509-0.0012307i,0.00028537-0.00094591i,0.00043818-0.00058258i,0.0012785-2.1926e-06i,0.00051368+0.00034531i,-0.00085059-1.8369e-05i,0.00019849+0.0004i,0.0008965+1.8819e-06i,4.8916e-05-0.00045805i,-0.00031774+0.00073896i,0.00031282+0.0013507i,0.00028648+0.00066113i,-0.00013175+0.00029287i,0.00031568+0.00041344i,-0.00014111+0.00055979i
0.00056354+0.00067009i,-0.00090783+0.0017854i,-0.0020112+0.0022206i,-0.0015281+0.0020121i,-0.0004759+0.0013109i,0.00093242+0.0010186i,0.0014768+8.9245e-05i,0.0012837-0.00089479i,0.0006365-0.0013534i,0.00027281-0.0017487i,0.00028508-0.001735i,0.00021825-0.0015234i,0.00065757-0.00093011i,0.00062593-0.00027782i,0.00033996+0.00029448i,0.00083259-0.00018006i,0.0003886-9.7238e-05i,-0.00017747+0.00069582i,0.00016902+0.00054266i,0.00057026+0.0003257i,0.00022288+0.00024954i,-0.00043023-4.4927e-05i,-0.00069377-0.00017137i
0.00017226+0.0028019i,0.00021175+0.0012533i,-0.00052866+0.00030308i,0.00066742+1.518e-05i,0.0022678-0.000626i,0.00286-0.00051457i,0.0018926+0.00015206i,0.00083542-0.000165i,-0.00012832-0.00079868i,-0.00054789-0.00044903i,-0.00040831-3.1659e-05i,-1.0211e-05-0.00020074i,0.00023286-0.0005566i,-5.6358e-05-0.00052322i,0.00022795-0.00038379i,0.00028342-0.00029507i,4.8087e-05-4.835e-05i,-0.00050423+0.00050952i,-0.00073312+0.00085388i,-0.00030606+0.00064053i,-0.00013058+0.00069459i,-0.0002763+3.0373e-05i,7.8076e-05-0.00048638i
-0.0032341-0.0013594i,-0.0031214-0.0012091i,-0.0015391-0.0014199i,0.00067545-0.0012987i,0.0021317-0.00059555i,0.001724+0.00010478i,0.00097663+0.00029491i,0.00066642+0.00010314i,0.00042226+0.0001998i,0.00063098+0.0010243i,0.0009018+0.0013868i,0.00019294+0.0012994i,0.00016132+0.00090628i,0.00092599+0.00075736i,0.00088853+0.00062398i,0.00027598-6.4893e-05i,-0.00049176+0.00014318i,-0.00061578+0.00024046i,6.3732e-05+0.00043359i,0.00058236+0.00087877i,0.00067686+0.00088985i,0.00019597+0.0001856i,0.00026294-0.00079906i
0.001434-0.00041756i,0.0020396-7.2293e-05i,0.0010929+0.00057453i,0.0006451+0.0017786i,0.0018977+0.0010075i,0.0036538-0.0003403i,0.0037662-0.00077344i,0.0019589-0.00078104i,0.00019719-0.00070239i,-0.00029948-8.7319e-05i,0.00012435+0.00059571i,0.00017205+0.000481i,-1.7115e-05-0.00046667i,-0.0002979-0.00041186i,-0.00043746+0.00015324i,-0.00042407+0.00056232i,-4.5857e-05+0.00061311i,-0.00038217+0.00066774i,-0.0012917+0.00085818i,-0.0012209+0.00076634i,-4.3421e-05+0.00048782i,0.0008121+0.00030986i,0.00038529+0.0003703i
-0.0031575-0.00012695i,-0.0045567+0.00083232i,-0.0041294+0.0019203i,-0.0033031+0.0021362i,-0.0026962+0.0018807i,-0.00075371+0.0018346i,0.0021104-7.9643e-05i,0.0026361-0.0010763i,0.0010905-0.00073884i,5.2636e-05+0.00010537i,0.00060579+0.00084932i,0.00093734+0.00079815i,0.00016293+0.00098854i,-0.00042948+0.00073456i,-0.00045736+0.0008516i,-0.00010101+0.0011511i,-0.0002209+0.00081546i,-0.00082286+0.0004498i,-0.00070159-0.00029781i,-0.00028359-0.00078036i,-0.0002465-0.00069875i,0.00012513-0.0005968i,-9.8025e-05-7.4373e-05i
0.0044679-0.0033594i,0.0045282-0.0042777i,0.0023657-0.0031683i,0.00029191-0.0017828i,0.00072327-0.00056669i,0.0024958-0.00018812i,0.0037328-9.6937e-05i,0.0030246-0.00059378i,0.0012139-0.0016667i,0.00033215-0.0013117i,5.6647e-05-0.00037432i,0.00022291-0.00051538i,0.00043992-0.0012164i,0.00071471-0.0012847i,0.00035299-0.00085331i,-0.00047558-0.00052701i,-0.00081076+0.00026938i,-0.00056726+7.6669e-05i,-0.00027475-0.00070657i,-0.00084089-0.00089205i,-0.00042928-0.00078253i,0.00061117-0.00026831i,0.00047247+3.8355e-05i
0.0015786+0.0014068i,-0.00083051+0.0021625i,-0.0027985+0.00085875i,-0.0032832-0.00038818i,-0.00338-0.00063459i,-0.0013346-0.0006756i,0.0010094-0.00071527i,0.00077021-0.0014029i,4.7912e-06-0.0024412i,-0.00078777-0.0018067i,-0.00084663-0.00092749i,-0.00017222-0.00034843i,0.00061723+0.00038962i,0.0002816+1.2345e-05i,-0.0008656-0.00063576i,-0.00063673-2.05e-05i,0.00014441+0.00085795i,0.00046349+0.00086287i,-0.00026308+0.00054337i,-0.00027789+0.00079251i,-0.00014529+0.0014326i,-0.0003935+0.00079545i,5.5102e-06+0.00026865i
-0.00041931-0.001485i,-0.0011933-0.003358i,-0.0013909-0.0026936i,-0.00086214-0.00018915i,0.00014808+0.00063501i,0.0015296+2.0083e-05i,0.0018348-0.0011504i,0.00085468-0.0024984i,-0.0011475-0.0019302i,-0.0017102-0.00036911i,-0.0012228+0.00049144i,-0.00099066+0.00041153i,-0.00068683+0.00032912i,-0.00010112+0.00084399i,-8.2849e-06+0.00079798i,-0.00013533+0.00035161i,-0.00027277-0.00079428i,-0.00027266-0.00084334i,7.4682e-05+0.00045346i,9.4866e-05+0.00077811i,-0.00020991+0.00031003i,-0.00016589-0.00061099i,-0.00012797-0.00084275i
0.0031891-0.00095798i,0.0025529+0.0001676i,0.0019956+0.00036472i,0.00097566-0.00036159i,0.0012313+3.0703e-05i,0.0027022+0.0010293i,0.0029353+0.00067386i,0.0023582-0.00034531i,0.0013981-3.5305e-05i,-0.00014789+0.00079529i,-0.00045291+0.00067272i,0.00037542+9.3814e-05i,0.00035941-0.00035425i,-0.00019834-0.00086848i,-0.00042157-0.00075416i,6.7808e-07+0.00058308i,0.00054676+0.0014147i,0.0010183+0.0014267i,0.0010113+0.00059939i,0.00083312-0.0001294i,-8.6868e-06-1.9751e-05i,-0.00035724+0.00024246i,-0.00059084+0.00028623i
0.00072664+0.0053889i,0.0020484+0.0028409i,0.0025494+0.0011863i,0.0028393-0.00057884i,0.0032395-0.0010763i,0.0033983-0.00077088i,0.0030118-0.00047879i,0.001734+1.7178e-05i,0.00069017+0.00022508i,0.0013296+0.0010627i,0.0014873+0.00046463i,0.00023393-0.00012275i,0.0001149-0.00041328i,0.00012093-0.00085547i,-2.8919e-05-0.00045174i,0.00040088-0.00055257i,-0.00039467-0.00039732i,-0.0011359+0.00053951i,-0.00037092+0.00095761i,0.00044+0.00061266i,-0.00014179+0.00048219i,-0.00070108+0.00059881i,4.879e-05+0.00029622i
-0.0037943+0.002606i,-0.0025595+0.0043958i,-0.0011948+0.0047357i,-0.0010181+0.0047039i,0.00023232+0.0035512i,0.0022878+0.0015473i,0.0022273+0.00087935i,0.0015212+0.00020513i,0.00095842+0.00018413i,0.00022678-0.0003216i,-0.00010722-0.0011085i,0.0001159-0.0010326i,0.00049238-0.00061607i,5.5086e-06-0.00047578i,-0.00051839+0.00010333i,-0.00014481+0.00059589i,-6.8421e-05-0.0001289i,-0.00017395-0.00080575i,-0.00034126-0.0006045i,-0.00054646-0.00021675i,5.9963e-05-0.00029382i,0.0001456-0.00083545i,-0.00051746-0.0007642i
-0.00028117-0.0032732i,-0.0002219-0.004819i,-0.00069071-0.0021801i,0.0002621+0.00041262i,0.0024435+0.00033064i,0.0037745+3.3486e-05i,0.0040475+0.00010102i,0.0035432-0.00086394i,0.002326-0.00081055i,0.0018267-0.00027841i,0.0013573-0.00084115i,0.0010409-0.00098584i,0.0006353-0.00034202i,0.00069053+0.00071694i,0.001239+0.00036778i,0.00056056-0.00043228i,0.00014705-7.9037e-06i,0.00016701+0.00013416i,0.0001142+8.4315e-05i,5.8154e-05-0.0002726i,-1.9396e-06-0.00087915i,-3.1545e-05-0.00064898i,-6.1921e-05-0.00024991i
0.0039371+0.0047647i,0.00369+0.0046502i,0.00087418+0.0023547i,-0.0011097+0.00052833i,-0.00074711-0.00011427i,0.00032641+4.8404e-05i,0.00029304-0.00020155i,0.00014043-0.00097981i,-0.00018465-0.00079732i,-0.00010581-0.00028471i,0.00039634-0.00059329i,0.00018326-0.00080397i,0.00035237-0.000489i,0.00038216+8.1534e-05i,-2.4536e-05+0.00092895i,-0.00021426+0.0011177i,-0.0010344+0.00092236i,-0.0011378+0.00040514i,-0.00032849+0.00089969i,-0.0001476+0.0014269i,-0.00028706+0.0011702i,-0.00019661+0.00099368i,8.3496e-05+0.00072407i
-0.0032435+0.00031091i,-0.0045932-0.00087541i,-0.0026563-0.00080647i,-0.0013039-0.00053987i,-0.00099754-9.6204e-05i,-4.292e-05+8.3479e-05i,0.0012497-0.00061997i,0.0013393-0.0011012i,0.00054506-0.0010798i,-0.00052464-0.00078043i,-0.0014037-0.00027665i,-0.0020367-0.00024169i,-0.001646-0.00010267i,-0.00040612+0.00045776i,-0.00035027+0.00021547i,-0.00020658-7.142e-05i,-0.00014961+0.00048069i,-0.00081056+0.0003518i,-0.00079723+0.00031728i,-0.00017682-0.00010094i,0.00043061-0.00053291i,0.00037245-0.00056553i,5.4147e-05-0.00058745i
0.0059212-0.0030972i,0.0043265-0.0025739i,0.0029794-0.0012555i,0.002059-0.00028333i,0.0018866+0.00018534i,0.0022812+0.0013898i,0.0017675+0.00069382i,0.00075914-0.00039953i,2.9702e-05+0.00033296i,0.00030954+0.001167i,0.00062787+0.00091555i,0.00057901+0.00014865i,0.00096069+0.0001289i,0.00090333+0.00081004i,0.00028186+0.00074488i,0.0001673+0.00042188i,0.00019756+0.00058198i,-7.6975e-05+0.0003964i,-5.0818e-05+0.00024001i,0.00073334+0.00064953i,0.00049132+0.0008326i,0.00031656+0.0010223i,0.00050396+0.0010036i
0.0023739+0.0021287i,0.001541+0.00097173i,7.4361e-05-0.0006406i,0.00028323-0.0016034i,0.0006592-0.0019719i,0.0012076-0.0019395i,0.0019234-0.0010481i,0.0019388+0.00013166i,0.00099244+6.0324e-05i,0.00083088+0.00023128i,0.001351+0.00011097i,0.001045-0.00068628i,0.0003803-0.00062601i,0.00015146+0.00015778i,4.2914e-06+0.00036785i,-7.9656e-05+0.00016267i,-0.00042414+0.00021527i,-0.00098163+0.00033042i,-0.00032497+0.00027256i,0.00046556+0.00059316i,0.00086794+0.000444i,0.00071263+0.00030861i,0.00060215-0.00021521i
0.00027265+0.0026857i,2.1901e-05+0.0031074i,-0.00089631+0.0017408i,-0.0014714+0.0017938i,-0.0011689+0.0023968i,-0.00015771+0.0017876i,0.00063051-2.9762e-05i,0.00059153-0.0011935i,-1.7154e-05-0.0012107i,-0.0011041-0.00081949i,-0.0012404+0.00026856i,-0.00067817+0.00060114i,-0.00060837-0.00021569i,-0.0010066-0.00035004i,-0.00090895+4.7347e-05i,-0.00045193-0.00013235i,-0.00036595-0.00027141i,-0.00051471+0.00018667i,-0.00033487+0.00045172i,0.00019249+0.00022577i,0.00028571+0.00045565i,-5.0272e-05+0.00014735i,0.00016571-0.00052546i
-0.0024439-0.0031502i,-0.0027822-0.0031455i,-0.0012229-0.0017354i,0.0013969-0.00050537i,0.0025017+0.00058108i,0.0024444+0.00038437i,0.0025734+0.00036427i,0.0027675+0.00040519i,0.0018456-0.00040283i,0.00063384-0.00063189i,0.00016645-1.5502e-05i,-9.4448e-05-0.00034077i,-0.00041716-0.0007136i,-0.00035778-0.00044714i,0.00017559-0.00022665i,0.00047419-9.5617e-05i,0.00053616+8.8029e-05i,0.00103+0.0001312i,0.00029988-3.6365e-05i,-0.00022779-0.00016381i,0.00022926+3.5427e-05i,-0.00012637-4.1732e-07i,-0.00013177-0.0002572i
0.0046667-0.0001159i,0.0037347-0.00056189i,0.0012411-0.00084199i,-0.00053-0.0005139i,-0.00064644-0.00011242i,0.00060965-0.00021795i,0.0014933-0.00087965i,0.0005295-0.0017038i,-0.00031825-0.0016837i,-0.00043243-0.00077064i,-0.00015645+0.00017936i,6.4715e-05+0.00090963i,6.5295e-05+0.00064669i,0.00018643-0.00023097i,0.00042659-0.00040303i,0.00065558-8.1258e-05i,0.00066136+0.00042642i,-3.5759e-05+0.00055081i,-0.00035522+0.00062276i,-0.00039849+0.001126i,-0.00026979+0.00075849i,-0.00015517+0.00028752i,-5.1052e-05-0.0002349i
-0.0029268+0.0034349i,-0.0024257+0.0024873i,-0.0011662-0.00030792i,-0.0011683-0.00044916i,-0.00041478+0.001208i,0.0012476+0.0013808i,0.0029669+0.00085007i,0.00267+0.00083943i,0.0011139+0.00072511i,3.1442e-05-0.00015905i,-4.0648e-05-0.00076707i,0.00024549-0.00070398i,-0.00043666-0.00043133i,-0.00086578-0.000554i,-0.00036027-2.909e-05i,-0.00076765+0.00017687i,-0.00031085+0.00073292i,0.00047353+0.0012724i,-0.00017591+0.00090358i,-0.00067843+0.00058894i,-0.0010048+0.00042066i,-0.0010479+0.00012311i,-0.00023956+0.00012288i
0.0006936-0.0046487i,0.00049823-0.0032558i,0.00053265-0.0017363i,0.001424-0.0010561i,0.0014886-0.00090173i,0.0015964-0.00047954i,0.0025073+0.00063251i,0.0024631+0.00031063i,0.0011385-0.0003131i,0.00065702+0.00012858i,0.0011206+0.00030307i,0.00080979+0.00053665i,5.0269e-05+0.00025101i,-8.2215e-06+0.00010088i,0.00051204+8.847e-05i,0.00081507+0.0004248i,0.00065674+0.00052499i,-0.00048713+7.3374e-05i,-0.001766+0.0001786i,-0.0011771-0.0001205i,-6.4086e-05-0.00024259i,-0.00030414+0.00023353i,-0.00022472+0.00036539i
0.0021608+0.0040533i,0.0023409+0.00093095i,0.00095254-0.00024274i,0.00061445+0.00099468i,0.00081804+0.0011981i,0.00090686-9.902e-06i,0.00095244-0.00047928i,-0.0004711-0.00054851i,-0.0014675-0.0011613i,-0.00083883-0.00092042i,5.969e-05-0.00087129i,-0.00018741-0.00046502i,-0.00034653-9.2841e-05i,0.00055633-0.00012611i,0.0008428-2.4473e-05i,0.00089282+0.00018605i,0.0015077+0.00053854i,0.00072104+7.9232e-05i,-0.00040766-0.00048544i,-0.00056468-0.00013596i,-0.0008423-3.1789e-05i,-0.00085494-0.00084531i,-0.00036426-0.0013807i
-0.0031155-0.0023431i,-0.0012996-0.0012617i,-0.0018313+0.00045198i,-0.0017357+0.0012553i,0.0012424+0.00077869i,0.0031272-6.8371e-05i,0.0021939-0.0011206i,0.00071942-0.0023505i,-0.0005105-0.0023314i,-0.001111-0.0012869i,-0.00050009-0.00054129i,0.00029767-0.000394i,0.00030597-0.00024332i,-0.00046904-0.00012366i,-0.00035971-0.00046769i,0.00065184-0.00023642i,0.00051392-0.00024334i,0.00020862+1.8986e-06i,0.00056187+0.00055329i,-0.00026668+0.00035161i,-0.0006266-3.1961e-05i,-0.00024433+0.00029909i,-0.00030789+0.0010601i
0.0027178-0.0033896i,0.00037504-0.0018834i,-0.001818-0.00049245i,-0.0015071-4.7609e-05i,-0.00018686+0.00033086i,0.0011042+1.5861e-05i,0.0019426-0.0008558i,0.0017355-0.00083082i,0.00044228-0.00079599i,-0.00080965+0.00024417i,-0.0011045+0.00083515i,-0.00076131+0.00039891i,-0.00069679+0.00031319i,-0.00032049-4.0262e-05i,0.00066449+0.00015165i,0.00035609+0.00079426i,0.00022605+0.00041733i,0.00013411-0.00014614i,-0.00020478+0.00036687i,-0.00050082+0.00036957i,-0.00057565+0.00026575i,-0.00055526+0.00018053i,0.00046324+6.3518e-05i
0.0013993-0.0014351i,0.00032939-0.002646i,-0.0011941-0.0022687i,-0.001614-0.00053459i,-0.00042729+0.00088381i,0.0015798+0.0015869i,0.0027693+0.0010271i,0.0021252-0.00010404i,0.00026094-0.00076827i,-0.00097984-0.00025778i,-0.0010429+0.00038486i,-0.00057426+0.00056023i,-0.00015447-0.0004235i,0.00014799-0.00063959i,0.00020103+0.00038995i,0.00047902+0.00048372i,0.00073932+0.00083969i,0.00053301+0.00059013i,-0.00020326+0.00045243i,2.8804e-05+0.00020389i,0.0011606-0.00040249i,0.00059696+8.3954e-05i,-9.6256e-06+0.00032173i
-0.0022994-0.0015955i,-0.0024657-0.0012312i,-0.0030106-0.0011386i,-0.0026029+0.0002354i,-0.0012953+0.0014071i,9.7473e-05-9.4028e-05i,0.00056074-0.00089843i,0.000493-0.00054133i,0.00020293-0.00026641i,-3.5407e-06-0.0002752i,3.2054e-05-0.00017715i,-0.00031984-8.2158e-05i,1.0871e-05-0.00048503i,0.0011199-0.00072323i,0.00034744-0.00021003i,-0.00066449+0.00020054i,4.8368e-05+0.00016654i,0.00043787+5.2367e-05i,5.727e-05-5.8337e-05i,4.0421e-05+0.00028154i,4.5231e-05+0.0005113i,0.00018318-0.00011128i,0.00072445+2.9135e-05i
0.0019985-0.0048725i,-7.656e-05-0.0033355i,-0.00096206-4.8141e-05i,-5.6583e-05+0.0024938i,0.00095168+0.0022285i,0.0020752+0.0012935i,0.0031205-0.00019488i,0.0034501-0.0013663i,0.0018732-0.0010735i,-0.00013027-0.00042475i,6.982e-05-7.6908e-05i,0.0013585+0.00077044i,0.0012545+0.00085879i,0.0011562+0.00052052i,0.00076315+0.0007691i,-9.3411e-05+0.00056316i,-0.00021168-0.00011444i,-0.00044014+0.00022146i,-0.00053549+0.0010333i,1.7539e-05+0.00058185i,-0.00011052-0.00039893i,-0.00017098-0.00036449i,0.00018364+0.00015133i
0.0022512+0.00091176i,0.0017403+0.00045106i,0.0011639-0.00052282i,0.00049424-2.7841e-05i,0.00045763+0.00056282i,0.0011166+0.000764i,0.0019617+0.00017078i,0.0018318-0.0011985i,0.00087925-0.0015191i,-0.0001181-0.00062881i,-0.00043196-0.00010779i,-0.00047+0.00030183i,-0.00035154+0.0003908i,-0.00027338-0.00015134i,-0.00036026-0.00017625i,-0.00036979+0.00026176i,-0.00038668+0.00069158i,0.00017228+0.0012155i,0.00075934+0.0011796i,0.0011677+0.00087796i,0.0011452+0.00060203i,0.00083986-2.4266e-05i,0.0006808-0.00023628i
0.00060625+0.0011623i,0.0026701+0.00018664i,0.0023559-0.00039691i,0.00067311-0.00055746i,0.00035556+0.00020937i,0.0017496+0.00057331i,0.0025561+0.00016953i,0.0018812-0.00035492i,0.0015671-0.0013568i,0.001483-0.0015745i,0.00078485-0.0017249i,0.00085887-0.0018122i,0.00079057-0.0011955i,3.6965e-05-0.00079544i,3.0282e-05-0.00037892i,-0.00011773+0.00010399i,-0.00057921+0.00020639i,-0.00083098+0.00071275i,-0.00086373+0.0011167i,-0.00073928+0.00086165i,-0.00078456+0.0010518i,-0.00054489+0.0012425i,-0.00019804+0.00042355i
0.0015628+0.001277i,0.00021008+0.0016907i,-0.00043191+0.00162i,-0.00072051-1.0218e-05i,-0.0004168-0.0015795i,0.0011937-0.001766i,0.002255-0.00081287i,0.0018869-0.00017619i,0.00051024-0.00051869i,-0.00056779-0.00020139i,-0.00030726-0.00013636i,-8.019e-06-0.00049895i,-0.00017157-0.00046772i,-0.00035633-0.00079604i,-0.00050623+3.2371e-05i,-0.00069772+0.00062672i,-0.00080248+0.00085462i,-0.00017994+0.00096206i,1.7089e-05+0.0005387i,0.00014456+1.9781e-05i,0.00062752-0.0004499i,0.00039145-0.0001555i,-0.00036725+8.9908e-06i
-0.0047045+0.0033373i,-0.0041506+0.0014264i,-0.0017847+0.0017558i,0.0012924+0.0032014i,0.0034297+0.0022788i,0.0044435+8.1194e-05i,0.0039784-0.00065043i,0.0028643-0.00034263i,0.001908+0.0003091i,0.0014156+0.00084071i,0.00083527+0.0011318i,0.00014727+0.0005233i,-0.00041978-0.00019554i,7.3804e-05-0.00053371i,-6.3723e-06-0.00036254i,-0.00068641-0.00020386i,-0.0010793+0.00025869i,-0.0021333+0.00087243i,-0.0026155+0.00093353i,-0.0015907+0.00053649i,-0.00012348+0.00063312i,0.00039702+0.0005407i,0.0010901-0.00070042i
0.0043819+5.6784e-07i,0.0049529-0.00037548i,0.0046331-0.0015975i,0.0027659-0.0028349i,0.0012906-0.0032195i,0.0014805-0.0015358i,0.002074+8.891e-05i,0.0020817-0.00071752i,0.0018145-0.0017054i,0.0022389-0.0022068i,0.001782-0.0021111i,-0.00031185-0.0014998i,-0.00069772-0.00077533i,-0.00053017-0.00024721i,-0.00049977-0.00034218i,0.00036869-0.00031411i,0.00036301+0.00011044i,0.00058975+0.00050066i,0.00052144+0.00041548i,0.00064528+0.00051304i,0.0011853+2.8771e-05i,-5.1646e-05-0.00037161i,-0.0014704-0.0003216i
0.002016+0.0041183i,0.00061772+0.0032871i,0.00079868+0.0023299i,0.0014477+0.0019372i,0.0015282+0.00096643i,0.0012634-6.2018e-05i,0.0020557+0.00026384i,0.0024842+0.00046987i,0.002146+8.5242e-05i,0.0018019-0.00061722i,0.0012104-0.00081722i,0.00075083-0.00056079i,0.00033827-0.00064471i,9.1949e-05-0.00011694i,-0.00024731+0.00029595i,-0.00035642-0.00053123i,-7.1315e-05-0.00023533i,-0.00028295+0.00073479i,-0.0004793+0.00067526i,-0.00028167+0.00062714i,-0.00053235+0.00022903i,-0.00074975-0.0001014i,-0.00013368-0.00031566i
-0.0048779-0.0034054i,-0.0052693-0.0020702i,-0.0038172+0.00049681i,-0.0017278+0.0018795i,0.0010032+0.0015676i,0.0030216+0.0016709i,0.0025123+0.00061901i,0.001003-0.00067518i,-0.00030206-0.00067166i,-0.0013531-0.00027793i,-0.00090292+0.0007061i,0.00011844+0.00091302i,0.00081655+0.00080467i,0.00071271+0.00081775i,0.00028217+0.0012247i,-0.00013952+0.00091899i,0.00011108+8.3811e-05i,0.00057918+0.00014701i,0.00071357+0.0012437i,0.00086113+0.0016247i,0.001134+0.0011412i,0.00070513+0.0011691i,-0.00013125+0.00072735i
0.0029042-0.0029642i,0.0031344-0.0028647i,0.00036755-0.0023621i,-0.0010829-0.00036784i,-0.00077319+0.00050064i,0.00033411+9.6134e-05i,0.0014817-0.00064069i,0.00086019-0.0010923i,-0.0001336-0.0017726i,-0.00019059-0.0017631i,-0.00037547-0.00093896i,-0.00046929-0.00035222i,-0.00080162-0.00086727i,-0.0011152-0.00070096i,-0.0010615-4.2398e-05i,-0.0011551-0.00080237i,-0.00096943-0.00047552i,-0.00042982+0.00081913i,-2.0777e-05+0.00027902i,-0.00027971+0.00066678i,-0.000529+0.0010931i,0.00025048+0.00089477i,0.00060253+0.00089204i
0.0014955+0.002433i,0.00070387+0.0015723i,-6.3625e-05+0.00043744i,-0.00051904+0.00034964i,-0.00036318+0.00098283i,-0.00013299+0.00087306i,0.00041274-0.00022128i,0.0012715-0.00069923i,0.0015516-0.00084172i,0.0011317+0.00010403i,0.0011048+0.00037943i,0.00075345-5.9937e-05i,-9.3555e-05-0.00023613i,-0.00026124-0.0010942i,-0.00016246-0.00098772i,-0.00011212+0.00014065i,-7.0566e-05+0.00016256i,7.1334e-07-0.00014718i,-0.0001028+0.00021077i,-9.2729e-05+0.00066677i,0.00027168+0.00061211i,0.00050099+0.00020873i,0.00026854-0.0002323i
-0.00068789-0.0026279i,-0.0019702-0.0031961i,-0.0021815-0.0030681i,-0.001779-0.0013694i,-0.00025923-0.00045256i,0.00085766-0.00095436i,0.0011869-0.00069609i,0.0013823+3.7471e-05i,0.00041158+0.0014205i,-0.0015313+0.0016379i,-0.001965+0.00044443i,-0.0012395-0.00013045i,-0.00066223-0.00018529i,-0.0002055-0.00063747i,0.00011783-0.00053173i,6.3302e-05+0.00019534i,9.946e-05+0.00053441i,0.0004246+2.3571e-05i,0.00027016-4.6734e-05i,4.4509e-05+0.00034766i,0.00026843-0.00054826i,0.00033251-0.0011227i,-3.8772e-06-0.00089166i
0.0036621-0.00051237i,0.0040988+0.00014874i,0.0047438+0.0012038i,0.0035302+0.0012762i,0.0023837+8.5567e-05i,0.0021847-0.00064032i,0.0026729-0.00011079i,0.002243+0.00028129i,0.00085443+0.00018149i,0.00028994-0.00041417i,0.00010113-0.00088038i,-0.00044727-0.00094947i,-1.9104e-05-0.00057425i,0.00061571+0.00023763i,0.00046375+0.00025924i,-9.8715e-05+0.00045954i,-2.1055e-05+0.00071885i,2.5731e-05+0.0007228i,5.3847e-05+3.9206e-05i,0.0006936-0.00046433i,0.0007292-0.00038581i,0.00033095+6.2669e-05i,-0.00032801+0.00061033i
-0.0012474+0.0038712i,-0.00072264+0.0035036i,-0.00041094+0.0026935i,-0.00067769+0.0017014i,0.00022288+0.0010647i,0.0018488+0.00079163i,0.0028826-0.00056473i,0.0025856-0.0014865i,0.0015218-0.0014231i,0.00095694-0.00037831i,0.00074318+0.00045072i,0.00080998-0.00049829i,0.00061668-0.0012355i,-7.9482e-05-0.00087064i,3.0425e-05-0.00090155i,0.00077687-0.00029426i,0.00083591+0.0004086i,-0.00025614+0.00015102i,-0.0006093+0.00016316i,4.3704e-05-1.0996e-05i,0.00016376-0.0001499i,-0.00024985+0.00068427i,-0.00044218+0.00078867i
-0.0041092+0.0024479i,-0.0036293+0.0024285i,-0.0020317+0.0023326i,-0.00035655+0.00099217i,0.0019433-8.2763e-06i,0.0033852-0.00062879i,0.003388-1.4682e-05i,0.0021568+0.00039458i,-0.00012433+4.0241e-05i,-0.0016203-0.00082583i,-0.0010435-0.00073599i,-0.00011825+0.00031655i,-0.00029844+0.00040641i,-0.00029335+0.00011945i,-0.00056649-0.00049612i,-0.00059539-0.00039606i,2.9904e-05+0.00023897i,0.00032249+0.00013339i,0.00044433+0.00019462i,0.00036019+0.00015895i,0.0003436+9.8669e-05i,0.00067158-0.00067849i,4.5535e-05-0.0004004i
0.0017394-0.004195i,0.0001992-0.0037263i,-0.0003528-0.0017404i,-0.00078988-0.00075485i,-0.0010226-0.0014145i,0.00040115-0.00057749i,0.0011643-0.00041029i,0.00020416-0.0013367i,-0.0017784-0.0020417i,-0.0017593-0.0014162i,-0.00025296+2.3121e-05i,0.00029149+0.00050662i,0.000204+0.00010205i,-0.00020588-9.231e-05i,-0.0006877+1.2229e-05i,-0.00010326-0.00014699i,0.00085206-0.00038947i,0.00076027-0.00039906i,-0.0003388+0.00019757i,-0.0010808+0.00080361i,-0.00047833+0.00074754i,-8.0883e-05+0.00069071i,9.983e-05+0.00062953i
0.0011426+0.0055776i,0.0025926+0.0037439i,0.0019133+0.0017544i,0.0012313+0.00054221i,0.0020257+0.00045257i,0.0018219-0.00029778i,0.0020934-0.0016621i,0.0025384-0.0027135i,0.0027112-0.0016718i,0.0025108-2.2231e-05i,0.0010177-0.00030593i,-6.2015e-05-0.00066786i,0.00010815-0.0007199i,0.00067339-0.00032443i,0.00036487+7.6893e-05i,-5.4899e-05+0.00055283i,-0.000401+0.0014517i,-0.0013964+0.0012761i,-0.0022042+0.00025512i,-0.0014736+0.00028802i,-0.0010597+0.00046377i,-0.00029978-0.00023628i,0.0011845-0.00034655i
-0.0011759-0.0056777i,-0.0032052-0.0036731i,-0.0036413-0.0035457i,-0.0028757-0.0025211i,-0.0013246-0.0012249i,0.00038581+0.00043774i,0.0015756+0.0013226i,0.00261+0.00086935i,0.0019204+0.00099243i,-0.00059665+0.00090151i,-0.0013617+4.5997e-05i,-0.00094792-0.00083488i,-0.0002362-0.0010776i,0.00068176+0.00043051i,0.0005718+0.001061i,0.00030585+0.00091754i,0.0004203+0.0014964i,0.00071097+0.0015555i,0.00095632+0.00064181i,-0.00014931-0.00045282i,-0.00042592-0.00029278i,0.00021945-6.1946e-05i,9.132e-06-0.00052714i
0.0087538-0.0011802i,0.0061805-0.0024894i,0.0030844-0.0029151i,0.0011825-0.001504i,0.00011975-0.00025531i,0.00011233+0.00030646i,0.0016157-0.00021064i,0.0010813-0.0013511i,-0.00086811-0.0026426i,-0.0010575-0.0040824i,-0.0003498-0.0028641i,-0.0002857-1.6265e-05i,-0.000682+0.00074327i,-0.00079384-4.7825e-06i,-0.00014749-0.00033504i,0.00029792+0.00011464i,-0.00034714+0.00066349i,-0.00090394+0.00096992i,-0.0009983+0.00037354i,9.295e-05-0.00065177i,0.00091426-0.00051497i,0.000364-0.00021037i,0.0001913+0.00025037i
-0.0014951+0.0023376i,-0.0007817+0.002201i,0.0015049+0.0013488i,0.0018533+0.0015048i,0.00077621+0.0011609i,0.0010003-0.0002699i,0.002636-0.0013302i,0.0035337-0.0022794i,0.0029558-0.0022436i,0.0019319-0.0010128i,0.0015043-8.0542e-05i,0.00086268+0.0002611i,1.4894e-05-0.00035981i,-0.00014515+0.00010138i,-0.00059915+0.0011428i,-0.00039609+0.00096691i,-0.00038564+0.00043192i,-0.00096545+0.0006877i,4.5932e-05+0.00079747i,0.00029281+0.00011654i,0.00020899-5.7168e-05i,0.00035979+2.7278e-05i,-0.00027626+0.00010578i
0.0011302-0.0029604i,0.0011415-0.0038309i,-0.00027429-0.0027286i,-0.0014293-0.0010257i,-0.00092116-0.000975i,0.0012444-0.0011852i,0.0028428-0.00037488i,0.0014179+0.00046532i,-0.0012312+0.0011727i,-0.0020167+0.0014022i,-0.0012712+0.0014111i,-0.0012174+0.00035695i,-0.0012827-0.00027947i,-0.00055875+0.00022451i,-0.00091394+0.00038879i,-0.0012997+0.0001925i,-0.00047411+3.2502e-05i,-0.0002944+0.00054825i,-0.00037615+0.00070257i,-0.00022144+0.0006477i,0.0011398+0.00096903i,0.0022024+0.00079302i,0.0015706+0.00068564i
0.001453-0.0013167i,0.00017477-0.0008405i,-0.0018104-0.00055215i,-0.002739+0.0004006i,-0.0012342+0.0017061i,0.0013899+0.0028486i,0.0018685+0.0021559i,-0.00010293+0.0007318i,-0.0018921-0.0014885i,-0.0018391-0.0029142i,-0.00056827-0.0019321i,0.00028051-0.00020577i,0.00045574+0.00016024i,0.00059224-9.1711e-05i,2.2924e-05-0.00080032i,-0.00051695-0.0014429i,-0.00010472-0.0014872i,-8.9327e-05-0.00073535i,-0.00057854+0.00031939i,-0.0010316+0.00046282i,-0.00074206+0.00034261i,-6.7272e-05+0.00047608i,0.00041905+0.00051292i
0.0014979+0.0024344i,0.0017655+0.00092333i,9.6552e-05+0.0002849i,-0.0014173-0.00023943i,-0.0001575-0.00043645i,0.0027801-5.7616e-05i,0.0039443-6.7211e-06i,0.0035083-0.00053394i,0.0036495-0.00079053i,0.0042822+0.00010237i,0.0028388+3.0202e-05i,-0.000206+0.00011476i,-0.0020006-8.0996e-05i,-0.0015203-0.00067229i,-0.00045485-5.4275e-05i,-6.7174e-05+0.00035243i,0.00036143+0.00093897i,0.00082697+0.0015423i,0.00056659+0.00087869i,-0.00042332+0.00036756i,-0.00081421+0.00052133i,-1.568e-05-0.00020232i,0.00035161-0.00054622i
-0.0019299+0.0017928i,-0.0022992+0.0009175i,-0.00089146-1.769e-05i,0.00040579-0.00018035i,0.00067434-2.4588e-05i,0.0016576-0.00010757i,0.0031463+0.00053932i,0.003349+0.0020723i,0.0023808+0.0028755i,0.0014783+0.0024882i,0.00031398+0.00098229i,-0.0011022-0.00096779i,-0.0011002-0.002268i,0.0010452-0.0019246i,0.0019085-0.00045653i,0.00075895+0.0012815i,0.000885+0.00093505i,0.0010922+0.00015006i,0.00021694-8.5553e-05i,0.00029856+1.9815e-05i,0.00038319-4.6903e-05i,1.9062e-05-0.00061405i,-1.0383e-06-0.00018894i
0.00077349-0.0032551i,0.00026964-0.0043864i,-0.001034-0.0027337i,-0.0012372-0.00091453i,0.00016568+8.1711e-05i,0.0019065+0.0010102i,0.0022186+0.00058054i,0.00075158-0.00098521i,-0.001439-0.0021746i,-0.0014891-0.0031522i,0.00035172-0.0027995i,0.0013167-0.0009767i,0.00080837+0.00041767i,0.00042175+0.00068566i,0.00083008+0.00025259i,0.00094252+0.00022667i,-0.0001296+0.00027337i,9.6988e-05-0.00040864i,0.0002875-0.0013762i,-0.00045775-0.0012619i,0.00012328-0.00038037i,0.00039131-0.00049584i,-0.00022156-0.0008615i
-0.0010993+0.001596i,0.0014196+0.0016882i,0.0016971+0.0019863i,0.00084619+0.0017994i,0.0017799+0.0013449i,0.0024982+0.00104i,0.0025549-0.00055275i,0.0034466-0.0030937i,0.0037275-0.0040688i,0.0029556-0.002289i,0.0028294+0.00016087i,0.0026625+0.0012094i,0.0018083+0.0011015i,0.00060509+0.00107i,-0.00046876+0.0015391i,-0.0011861+0.0019989i,-0.0010216+0.0023467i,0.00026041+0.0021562i,0.00075676+0.00023288i,0.00060023-0.00076048i,0.00078928-0.0003569i,0.00043137-0.00065169i,-6.6811e-06-0.0010402i
-0.0022328+0.00084634i,-0.0025622+0.0010828i,-0.0016016+0.0016915i,4.8275e-05+0.0012118i,0.0009191+1.433e-05i,0.0019756-0.0006924i,0.0031541+2.3415e-05i,0.0028405+0.0016882i,0.0010536+0.0030389i,-0.00010958+0.0032964i,-0.00016895+0.0017637i,-0.00017937+0.00018526i,0.00013047+0.00024531i,0.00015781+0.00063698i,-0.00048321+0.00041345i,-0.00078823+0.00024905i,5.4659e-05+0.00041626i,0.00043292+0.0010075i,0.00044273+0.0018092i,0.00089139+0.0014962i,0.0015244+0.00069926i,0.00097427-0.00016114i,0.00013337-0.0010725i
-0.00023013+0.0031602i,0.00075635+0.0018485i,0.0014167+0.00082992i,0.0023368+0.00077393i,0.0038111+0.00077269i,0.0033887+0.00027231i,0.0018799-0.00023557i,-0.00097099-0.00035687i,-0.0039189-0.00072458i,-0.0038495-0.0018259i,-0.0017293-0.0026639i,-0.00040756-0.001992i,-1.7998e-06-0.0010019i,0.00041097-0.00056932i,0.00014336-0.00077408i,-0.00094714-0.0010205i,-0.0016757-0.00095296i,-0.00082197+0.00037196i,-0.00045755+0.0012023i,-0.00032847+0.00028795i,-0.00013658+0.0002096i,0.00034333-0.0002638i,0.00055754-0.00081331i
-0.003169-0.00013003i,-0.0035996+0.00066574i,-0.0019905+0.0017588i,0.00035114+0.0015167i,0.0014281+0.00022703i,0.0019567-0.00088278i,0.0029827-0.0013913i,0.003656-0.0022646i,0.0041308-0.0029269i,0.0041825-0.0023499i,0.0031749-0.0013491i,0.0016384-0.0010225i,0.00018774-0.00046591i,-0.0010233-0.0007091i,-0.0011703-0.00047661i,-0.00074027-0.00020679i,-0.0014966-0.00051228i,-0.0022357+0.00026772i,-0.0020904+0.0012547i,-0.0011496+0.0012408i,0.00032714+0.00077593i,0.0010079+0.00039765i,0.00092415+0.00025188i
0.003705-0.00060337i,0.0023176-0.00033817i,0.0016843-0.00013715i,0.0015161+0.00079925i,0.00037098+0.00074033i,0.0016797-3.6093e-05i,0.0043916+0.00081012i,0.0057602+0.0023207i,0.0048683+0.0041642i,0.0019484+0.0040952i,0.0002289+0.0033233i,-0.00067546+0.002659i,-0.0010243+0.00055363i,-0.0011325-0.0013964i,-0.00026572-0.0015561i,0.0014494-0.00079744i,0.0017592+0.00011349i,0.00066052-7.7957e-05i,-0.0001351+0.00015736i,-0.00038773+0.0004941i,-0.00011396+0.00078805i,0.00094636+0.0013506i,0.00094186+0.0011738i
0.0032396+0.001782i,0.0032474+0.00061194i,0.0022226+2.7477e-05i,0.00060142+0.00037953i,0.00017262-1.2694e-05i,-0.00036592+0.00020978i,-0.00061383+0.00070566i,-0.0005458-0.00016394i,-0.001799-0.0010873i,-0.0034172-0.0017061i,-0.0035468-0.0022464i,-0.0012766-0.0022778i,0.0007992-0.002182i,0.00062011-0.0020249i,0.0005338-0.0010664i,0.00057238+0.00027753i,-0.00066691+0.00025727i,-0.0014858-0.0011092i,-0.0012286-0.0011817i,-0.0005666-0.00090138i,-5.1529e-05-0.0011944i,3.8661e-06-0.0001963i,-0.0004911+0.00055231i
-0.00053827-0.00487i,-0.0012067-0.0033846i,-0.0040992-0.00096315i,-0.0050629+0.00083021i,-0.0022508+0.00099808i,0.001243+6.4161e-05i,0.002363-0.0023484i,0.0022683-0.0051067i,0.0028584-0.006287i,0.0036545-0.0060015i,0.0035057-0.0032309i,0.002992-0.00075454i,0.0028193+0.00056997i,0.0022512+0.0018628i,0.00088975+0.0021081i,0.00010731+0.0018337i,4.956e-05+0.0013623i,0.00045941+0.00030833i,0.00050895-0.00025338i,0.00030997+0.00032216i,0.00072011+0.00021129i,0.00081721-0.00063274i,-0.00010801-0.00030382i
-0.0020276-9.7059e-05i,-0.0042574+5.3725e-05i,-0.0047795-0.0011748i,-0.0032057-0.00088016i,-0.0024372+0.00074577i,-0.00094052+0.0016597i,0.0019948+0.0016706i,0.0033325+0.0019903i,0.0021506+0.0033373i,0.00079364+0.0043212i,0.00019019+0.0032226i,-0.00040041+0.0021981i,-0.00045333+0.001638i,-0.00046306+0.0012077i,-0.00090793+0.00045732i,-8.7687e-05-0.00030155i,0.0013041-0.00013698i,0.00092566-1.8252e-05i,0.0010975+0.00027574i,0.002453+7.4229e-05i,0.0015071+1.6106e-05i,0.00019922+6.4149e-05i,0.00038146-0.00066925i
0.00073359-0.0011827i,0.0017718-0.0018482i,0.00049628-0.0015719i,-0.00028077-0.00084983i,0.0014376-0.00054312i,0.0020794+0.00039651i,0.00034517+0.00094491i,-0.0030035+0.0010591i,-0.0054952+0.00051979i,-0.0054869-0.00057444i,-0.0039763-0.0011715i,-0.0022438-0.0010203i,-0.00055447-0.00090274i,-0.0001355-0.001325i,-0.00062756-0.0012555i,-0.00070884-0.000363i,-0.00022774+0.00032044i,0.00050877+0.00076008i,0.00039688+0.00074062i,0.00045536+0.00033251i,0.0011275+0.0005862i,0.00089888-2.3863e-05i,0.00046329-0.00089195i
0.0042644-0.0035415i,0.0027979-0.0033156i,0.00051857-0.0047338i,-0.001526-0.0041358i,-0.00076901-0.0010329i,0.001874+0.00071746i,0.0031773-0.0010445i,0.0033076-0.0037186i,0.0029469-0.0053978i,0.0024286-0.0047993i,0.0013173-0.0024124i,0.00090077-0.00080759i,0.00093649-0.00021417i,-0.00028889-0.00062969i,-0.0010945-0.00085121i,-0.0011944-0.00036401i,-0.0011723+0.0002394i,-0.0011785+0.00090325i,-0.0019194+0.0010278i,-0.0023293-0.00012798i,-0.0013865-0.00041294i,-0.00013135+0.0001772i,0.0007057+0.00044798i
-0.0015673+0.0029844i,-0.00047926+0.00010637i,0.0018385-0.0010631i,0.003419-0.00057765i,0.0032766-0.00028112i,0.0037314+0.00053516i,0.0056149+0.0023186i,0.0075117+0.003518i,0.0070182+0.0040486i,0.0042884+0.0042673i,0.0015045+0.0033428i,0.0013123+0.0017686i,0.00086561+0.00045969i,-0.00049543-0.0011143i,-0.00044181-0.0021759i,0.00030653-0.0014235i,-0.00031527-0.0003637i,-0.00081486+0.00016958i,-0.00058601+0.00015933i,-0.00083701-0.00011353i,-0.00069023+0.00024198i,5.995e-05+0.00073619i,0.00073533+0.00044593i
0.0004157+0.0015293i,0.0017722+0.0045939i,0.0028105+0.0060406i,0.002765+0.0040407i,0.0025013+0.0022878i,0.0016313+0.0020642i,-0.00011418+0.00088093i,-0.0022659+0.00021007i,-0.0045217+0.00027094i,-0.0052864+0.00032284i,-0.0041811+2.2178e-05i,-0.0022076-0.00087537i,-0.00034576-0.0015903i,0.0010206-0.0013979i,0.0014454-0.00012832i,0.00081072+0.0014096i,-0.00040558+0.00099811i,-0.00061787-5.6159e-05i,-0.00089174-0.00031786i,-0.001019-0.0011404i,-0.0001777-0.0010893i,-9.2966e-05-0.00086058i,-1.1646e-05-0.00085499i
0.0012144-0.00075034i,5.9194e-05-0.0001924i,-0.0016985+0.0022785i,-0.0014466+0.0036621i,0.00099917+0.0026213i,0.0028444-2.9699e-05i,0.0032451-0.0031972i,0.002514-0.0068636i,0.0019135-0.0086953i,0.0020987-0.0071699i,0.0022729-0.0042886i,0.0024262-0.0024107i,0.0026243-0.00069784i,0.0013584+0.0013846i,0.00023376+0.0027049i,-0.00050005+0.0026956i,-0.0010391+0.0020922i,-0.0012991+0.0015651i,-0.0009464+0.0010466i,-0.00049521+0.00025968i,-0.00040486-0.00046972i,0.00013631+1.5429e-05i,0.00047976+0.00077143i
-0.0047944+0.0017022i,-0.0032743+1.6273e-05i,-0.0040243-0.00049979i,-0.0032644+0.00047092i,-0.00020075+0.00080172i,0.002074+0.00067189i,0.0027637+0.0010338i,0.0027093+0.0013043i,0.0031027+0.0024625i,0.0034721+0.0027365i,0.0024487+0.0023551i,0.0014226+0.0022737i,0.00055485+0.0016068i,-0.00074919+0.0014147i,-0.0011238+0.0019679i,-0.00030139+0.0011019i,0.00032999-0.00032605i,0.00033747-0.00092471i,0.00078998+0.0002198i,0.0010773+0.0012221i,0.00069085+0.00068295i,5.3416e-05+0.00039385i,-0.00017053+0.00083633i
-0.00061208-0.0066186i,-0.00024936-0.0046838i,-0.0012767-0.0019554i,-0.0025606-0.0010761i,-0.0015834+0.00021488i,0.00087303+0.0010139i,0.00013164+0.0017531i,-0.004007+0.0020901i,-0.0081143+0.0022535i,-0.0083644+0.0025773i,-0.0055145+0.0019775i,-0.0023048+0.0017889i,-0.0012481+0.0011182i,-0.0017206-0.00011514i,-0.0022372-0.00078623i,-0.0020077-0.0012094i,-0.00089487-0.0012741i,0.00072495-0.0017717i,0.0017527-0.0016214i,0.0010176-0.00014383i,0.00054158+0.00097164i,0.00086909+0.00098988i,0.00054552+0.00034915i
0.0078552-0.00020228i,0.0069428-0.002749i,0.0027743-0.0042722i,0.00073007-0.0037352i,0.00081584-0.0015167i,0.0021969-6.3151e-05i,0.0039177-0.0017987i,0.0033758-0.005028i,0.0018577-0.0065161i,0.0012458-0.0063593i,0.0008729-0.0044644i,-4.5513e-05-0.002329i,-0.00089241-0.0014003i,-0.0011227-0.0013345i,-0.0014085-0.0016707i,-0.0012608-0.0012047i,-0.0010126-0.00034888i,-0.0014117-0.00012422i,-0.001553+0.00033775i,-0.00098037+0.0013553i,-0.0006536+0.00096389i,-0.00058053+0.00085698i,-0.00077538+0.0013635i
-0.0012945+0.0047247i,-0.0014948+0.002616i,0.0010515-0.00052707i,0.0018097-0.0022808i,0.0014188-0.0027452i,0.0016607-0.001891i,0.0045949-0.00020223i,0.0079781+0.0019389i,0.009117+0.0035509i,0.0075472+0.0037274i,0.0041378+0.0025393i,0.0014662+0.0010859i,0.00039297-0.00069389i,1.4059e-05-0.0020396i,-0.00035276-0.0021649i,-8.5497e-06-0.0013569i,0.00052215-0.00080176i,0.00039821+0.00036995i,-0.0001351+0.0011768i,-0.00070909+0.00019905i,-0.00095757-1.6436e-06i,-0.00089554+0.00061348i,-0.00017364-0.00015732i
-5.8505e-05-0.0014109i,0.0010039-0.00060402i,0.0017668+0.0017696i,0.0028419+0.0014774i,0.0024886-0.00044823i,0.0020628-0.00055706i,0.0011334+0.0008743i,-0.0016852+0.0016822i,-0.0051368+0.002925i,-0.0060561+0.0034664i,-0.0034796+0.0014523i,-0.00093705-0.00053106i,1.5024e-05-0.00072912i,0.0013014-0.0010097i,0.0024456-0.0013802i,0.0028683-0.00055208i,0.0025143+0.00047181i,0.0014285+5.6993e-05i,0.00036634-0.00067831i,-0.00022052-0.0012629i,0.00038927-0.0015261i,0.00086234-0.0014492i,0.00055741-0.0012102i
0.0043815+0.0018764i,0.0045663+0.00026624i,0.0028726+0.00091724i,0.00089483+0.0026159i,0.0012823+0.00265i,0.0037508+0.0012652i,0.0047435-0.0017482i,0.0031988-0.0065743i,0.0013878-0.0091375i,0.0014344-0.0080759i,0.0015855-0.0052679i,0.00048858-0.0024477i,0.00076876-0.0014129i,0.0017912-4.2563e-05i,0.0015873+0.0021488i,0.0011447+0.002948i,0.00022635+0.0019419i,-0.00025531+0.0011383i,0.00011662+0.00085203i,0.00016204+0.00018154i,0.00039026-0.00022064i,0.00032222+3.2029e-05i,-7.2123e-05+0.00024093i
-0.0031492-0.0015293i,-0.0033418-0.00066563i,-0.00256+0.0015154i,-0.0012985+0.0018647i,0.00028649+0.0013477i,0.0027283+0.0012854i,0.0052015+0.0013387i,0.007024+0.0015822i,0.0075706+0.0012396i,0.0061435+0.0015895i,0.0036895+0.0019895i,0.0019936+0.001342i,0.00071758+0.00072599i,5.4784e-05+0.0013883i,-0.00065996+0.0020821i,-0.0012623+0.0021718i,-0.0013282+0.0021119i,-0.00068581+0.0022227i,-0.00010252+0.0024165i,0.00085352+0.0014273i,0.00033248+0.00012759i,-0.00052529-4.3518e-05i,-0.00024784-0.00040035i
0.001864-0.00037606i,-0.0012655+0.00078093i,-0.0044735-0.00044186i,-0.0044823-0.00021904i,-0.0027606+0.0026248i,-0.0015336+0.0032858i,-0.0019508+0.0021521i,-0.0045887+0.0023568i,-0.0071279+0.003405i,-0.0068277+0.0037643i,-0.0046086+0.0023666i,-0.0025168+0.0015504i,-0.0015794+0.0017303i,-0.0017335+0.0010865i,-0.0022075+0.00032035i,-0.002012-0.00052435i,-0.0016216-0.00073625i,-0.0013964-0.00030052i,-0.0011323+0.00043818i,-0.00033274+0.00035339i,0.00058533+0.00015729i,0.000628+0.00048065i,8.5529e-05+0.00046669i
-0.002345-0.0010274i,-0.0007273-0.0033971i,-0.00084541-0.0038255i,-0.0015334-0.0013038i,0.00047754+0.00080155i,0.0036789+0.00028139i,0.0041166-0.0016496i,0.0018508-0.0047602i,-0.00099103-0.0069091i,-0.0016861-0.0063634i,-0.00041524-0.0032813i,0.0009218-0.0011987i,0.00052616-0.00074279i,-0.00026469-0.0012572i,-6.8788e-05-0.0019465i,-0.00096376-0.0021694i,-0.001895-0.001749i,-0.0022685-0.0010211i,-0.002527+0.0002159i,-0.0015498+0.0017186i,-3.7782e-05+0.0018296i,0.0005854+0.00065263i,-0.00012478-0.00019757i
4.3097e-05-0.0058895i,0.00025017-0.0053056i,-0.00072817-0.0035339i,-0.00061236-0.0010326i,0.00028262+0.00079744i,0.002466+0.0021872i,0.0059565+0.0022491i,0.0078567+0.0022942i,0.0068576+0.0028438i,0.0054398+0.0019411i,0.0043001+0.0010448i,0.0026414+0.00082841i,0.00075724+0.00094878i,-0.00044193+0.00024535i,-0.00019646-0.0010481i,0.00051958-0.00065699i,0.00047087+0.000373i,-3.3133e-05+0.00061379i,-0.0010172+0.00015709i,-0.0013982+0.00023122i,-0.00095067+0.00063542i,-0.00023081+0.00027737i,-0.00015657-0.00086164i
0.0024824+0.00041143i,0.0019372+0.0014461i,0.00030046+0.0024367i,0.00013713+0.0023856i,-1.6481e-05+0.0018771i,-0.00010004+0.0016927i,-0.00080395+0.0020959i,-0.0026759+0.0030889i,-0.0042997+0.0047632i,-0.0043566+0.0055761i,-0.0035682+0.0040971i,-0.0026866+0.0015137i,-0.00051249+0.00036614i,0.00066603-0.00066618i,0.00059232-0.0014919i,0.0010107-0.0019323i,0.0013583-0.0023821i,0.001016-0.0026631i,0.0002386-0.0030899i,-0.0013872-0.0028231i,-0.0020796-0.0023432i,-0.0008775-0.0016674i,0.00040725-0.0011653i
0.001461-0.00057426i,0.0017177-0.0013247i,-0.00017478-0.0013719i,-0.0012679+0.0001515i,-0.00021648+0.00091416i,0.0015719-0.00017353i,0.0022092-0.0034609i,0.0016487-0.0069399i,0.00011146-0.0084154i,-0.0014127-0.006684i,-0.0016176-0.0034124i,-0.00032087-0.0017856i,0.00044079-0.0015072i,0.000567-0.00053942i,0.0010719+0.00069869i,0.0022057+0.0008796i,0.0026374+0.00084479i,0.0020794+0.00020043i,0.0015707-0.0011237i,0.0012589-0.0013281i,0.0014549-0.00088199i,0.0010704-0.00038745i,0.00081149+0.00012427i
0.0022725+0.00082755i,-0.00021773-0.00016279i,-0.0019867-0.00032987i,-0.0019647-0.00047109i,0.00021837-0.00085242i,0.0031694+0.00061396i,0.0053687+0.0026958i,0.0070713+0.0027286i,0.007531+0.00015364i,0.0069176-0.0022993i,0.004785-0.0015624i,0.001153+0.0001138i,-0.00013624+0.00053595i,0.00056094+0.0013317i,0.00049276+0.0029124i,-5.9658e-05+0.0031047i,0.00048636+0.0027437i,0.0019313+0.0031251i,0.0023451+0.0036264i,0.0021808+0.0018274i,0.0018102-0.00036169i,0.0011062-0.00089558i,0.0008149-0.00024225i
-0.0041054+0.0037227i,-0.0016331+0.0020756i,-0.00032768+0.0001293i,3.833e-05-0.0011837i,0.0012328-0.00011965i,0.002625+0.00069676i,0.0009706+0.0010436i,-0.0024064+0.002246i,-0.0036559+0.0037569i,-0.0020402+0.0044111i,-0.00091816+0.0036659i,-0.00074059+0.001534i,-0.00080819+1.5925e-05i,-0.0015478+0.00042071i,-0.0023825+0.0011867i,-0.0026907+0.00078076i,-0.0013429+0.00050197i,-0.00065694+0.0016241i,-0.00012982+0.0018934i,0.00077539+0.00081532i,0.00041226+0.00080192i,0.00027358+0.0008105i,0.00048438-0.00013418i
-0.0027622-0.0056439i,-0.0026726-0.0045107i,-0.0016905-0.0027146i,-0.00026895-0.0013569i,0.00063355-0.00040892i,0.0018803-0.0001777i,0.0032866-0.0039087i,0.0022012-0.0076109i,-0.001569-0.0069578i,-0.0042364-0.0036658i,-0.0033569-0.0016916i,-0.0011151-0.0021549i,-0.00064459-0.002721i,-0.00086251-0.0016729i,-0.0013338-0.0010013i,-0.0018864-0.0004801i,-0.0018567+0.00090936i,-0.0010811+0.0017049i,-0.00092897+0.0020009i,-0.00051037+0.0016308i,0.00067783+0.0014813i,0.00082631+0.0017339i,0.00086409+0.00094781i
0.0046579-0.0011712i,0.0037919-0.0033063i,0.0012259-0.00081093i,0.0014715+0.0021468i,0.0031765+0.0028678i,0.0044613+0.0033419i,0.0065171+0.0042841i,0.0080752+0.0040167i,0.0067893+0.0021575i,0.0049488-0.00045591i,0.0029176-0.00071304i,0.0010036+0.00080633i,0.00027742+0.00019578i,0.00026066-0.0018395i,5.0176e-05-0.001862i,-0.0002828-2.5187e-05i,-0.00050978+0.00055052i,-0.00045865+0.00035751i,6.5024e-05+0.00054259i,7.3253e-05+0.0010037i,-0.00023078+0.001226i,0.00030323+0.0012264i,0.00073497+0.0011761i
-0.0013186-0.00036045i,-0.0025233+0.0011108i,-0.0036721+0.0029231i,-0.00281+0.0037322i,-0.0010603+0.0031585i,-0.0014667+0.0022454i,-0.0032094+0.0025671i,-0.0048872+0.0032254i,-0.0043525+0.0042652i,-0.0015702+0.0044678i,-0.0014618+0.0031998i,-0.0025718+0.0018189i,-0.0017707+0.0011492i,-0.0004466-1.3911e-05i,0.00061551-0.0012556i,0.0011181-0.0013127i,-4.9194e-05-0.00065908i,-0.0015846-0.00071151i,-0.0026232-0.0015518i,-0.0031001-0.0016407i,-0.0029813-0.00017401i,-0.0024494+0.00059182i,-0.0010972+0.00019972i
-0.0024735-0.0061138i,-0.0041516-0.0048609i,-0.0061874-0.0026871i,-0.0056021+0.00052845i,-0.0030647+0.0024662i,0.00061725+0.00095405i,0.0030706-0.0031176i,0.0027837-0.0060118i,0.00027594-0.0047616i,-0.0021153-0.0012422i,-0.0017462-1.9181e-05i,0.00031456-0.0013284i,0.0010782-0.0016629i,0.0010878-0.00090661i,0.0020625-0.00028625i,0.002046-0.0004005i,0.0011517-0.0019011i,0.00035002-0.0027746i,-0.00021373-0.0016502i,-0.00010486-0.00055146i,-0.00079904-0.00073303i,-0.0011609-0.00051838i,-0.00021277+0.00046438i
0.0026167+0.00057814i,0.0028323-0.0010655i,0.00030361-0.0027513i,-0.0015432-0.0018322i,-0.00040059+0.00010414i,0.0035385+0.00092325i,0.007702+0.002699i,0.0082778+0.0035053i,0.0059764+0.00077532i,0.0032848-0.0021163i,0.0021446-0.0015316i,0.0024673+0.00027777i,0.0029492+0.00046511i,0.0028108+0.00034473i,0.0016484+0.00088533i,0.00037244+0.0011148i,0.0006013+0.00092297i,0.00135+0.00075603i,0.0017087+2.2059e-05i,0.0024009-0.00072078i,0.0020371-0.00058954i,0.00067176+0.00015052i,0.00032943+0.00049169i
-0.0020236-0.0051952i,-0.0013307-0.005393i,-0.0005651-0.0028614i,-0.00023612+0.00032907i,0.00046728+0.0018772i,0.00097285+0.0011993i,7.6879e-06+0.00022894i,-0.0014901+0.00075475i,-0.0016968+0.0010844i,0.00030882+0.00088i,0.0011785+0.001603i,-9.5059e-05+0.0017831i,-0.00036758+0.002378i,-0.00033489+0.003584i,-0.0013518+0.0031348i,-0.0012742+0.0021026i,-0.00030821+0.0013233i,-0.00057644+0.00085109i,-0.00071897+0.0010299i,0.00049593+0.00060977i,0.00071073-7.843e-05i,0.00085823-8.4768e-06i,0.00019217-1.0738e-05i
0.00093588+0.001447i,0.00037361+0.0031821i,-0.00095087+0.0039705i,0.00051362+0.0032495i,0.0024966+0.0012737i,0.0045284-0.0013472i,0.004983-0.0054566i,0.0026715-0.0080199i,-0.00047382-0.0065986i,-0.002234-0.0026945i,-0.0021868-0.00077906i,-0.0014503-0.0017151i,-0.0021511-0.0014255i,-0.0034516-0.00034154i,-0.0036949-0.00033701i,-0.0028755-0.00095184i,-0.0016384-0.0013533i,-0.00048658-0.00085843i,0.00061102+0.00066662i,0.00084855+0.001852i,0.00087518+0.0014055i,0.00023571-0.0001258i,0.00020214-0.00052058i
-0.0016595+0.003845i,-0.00083009+0.0022045i,-0.001326+0.00042841i,-0.00051155-0.00014545i,0.00056032+0.00094742i,0.0024872+0.0018569i,0.0046545+0.003642i,0.0057093+0.0046376i,0.0034941+0.0018123i,-0.00024492-0.00082547i,-0.00011733-0.0012102i,0.0017055-0.0020064i,0.0016983-0.0030957i,0.00039229-0.0041506i,-8.1238e-05-0.0040286i,0.00027398-0.0017419i,0.00081538+0.00084202i,0.001533+0.0016585i,0.0012704+0.00058921i,0.00077134-8.8925e-05i,0.00082244+0.00052061i,0.00095409+0.00074652i,0.0014665-0.00034364i
-0.0013563-0.0069432i,-0.0019904-0.0060974i,-0.0028242-0.0031098i,-0.003259+6.1825e-05i,-0.0015688+0.0022523i,0.00074009+0.0027568i,-0.00070374+0.0021865i,-0.0046491+0.0017915i,-0.0047939+0.0018792i,-0.0017315+0.0014805i,-0.00028338+0.0013266i,0.00018861+0.0019634i,0.0011666+0.0019845i,0.0014943+0.0016616i,0.0015475+0.0011296i,0.0020965+0.0011599i,0.0019782+0.0022355i,0.001506+0.0023495i,0.00090457+0.0010427i,0.00015733-0.00040915i,0.00020517-0.00035573i,0.00087919+4.037e-05i,0.001531-0.00032238i
6.7217e-05-0.0045788i,-0.00065885-0.0054818i,-0.0018008-0.0032727i,-0.0011333+0.00011413i,0.00025481+0.00059083i,0.00070048-0.0011771i,0.001454-0.0043336i,0.001858-0.0054559i,0.00063202-0.0031206i,-0.00052669+0.00033792i,-3.5166e-05+0.0013033i,-0.00053653+3.6368e-05i,-0.0013651+0.00011015i,-0.00026949+0.00052811i,0.00020563+0.00054058i,-0.00057677+0.00071875i,-0.0011154+0.0011891i,-0.00065503+0.00081592i,-0.00064494-0.00077011i,-0.00040674-0.0013163i,-8.8599e-05-0.00038726i,-0.00038471+0.00019862i,-0.00045422+0.00069993i
-0.0040405-0.005578i,-0.0015193-0.0029692i,-0.0056185+8.189e-05i,-0.0059996+0.0045301i,-0.00095216+0.0076176i,0.0077435+0.0077927i,0.012939+0.0062099i,0.011606+0.0041778i,0.0066159+0.001657i,0.0020867+0.00091325i,0.0017718+0.0016715i,0.0043383+0.00078664i,0.005565-0.00031198i,0.0037819+7.2901e-05i,0.00091147-3.3389e-05i,-0.0012055+6.6782e-05i,-0.0018306+0.00078766i,-0.00070077+0.0012511i,0.00026917+0.0013572i,0.00062552+0.00083178i,0.00066585-5.714e-05i,0.00070648-0.00023899i,0.0011041+0.00032683i
0.020087+0.023709i,0.016532+0.01414i,0.024107+0.00036989i,0.019567-0.013051i,0.0098805-0.019158i,0.0023681-0.015749i,0.00055384-0.0058558i,0.0019489-0.0010698i,0.0045534-0.0020835i,0.0061875-0.006335i,0.0022837-0.0080337i,-0.0022063-0.004667i,-0.002409-0.0010167i,-0.00058515-0.00025535i,0.00089771-0.00078142i,0.00093452-0.00015669i,-0.00023428+0.0016823i,-0.0012296+0.0032501i,-0.0013276+0.003005i,-0.00088582+0.001424i,-0.00021007-0.00020897i,0.00034203-0.0016078i,-0.00024974-0.0009137i
0.0045843+0.0061511i,0.0044376+0.0030472i,0.0058655+9.5912e-05i,0.003456-0.0024407i,0.0020375-0.0032866i,0.0036734-0.0040239i,0.0062363-0.0056797i,0.0047919-0.0078546i,0.0017783-0.0061996i,0.00058097-0.0034237i,-0.00046974-0.0035683i,-0.0030297-0.0030735i,-0.0050835-0.00050005i,-0.0045213+0.0014408i,-0.0031645+0.0015578i,-0.0027766+0.00051102i,-0.0029158-0.0004657i,-0.0033473-0.0010195i,-0.0034232+0.00041808i,-0.003412+0.0023721i,-0.002798+0.0012118i,-0.0026528+8.3036e-05i,-0.0027454+0.00058393i
-0.00085389+0.0024898i,-0.00079337-0.00075672i,0.0002155-0.0011586i,0.001157-0.0022006i,0.0018573-0.004566i,0.00281-0.0052125i,0.0036932-0.0018469i,0.0036219+0.0014898i,0.001116+0.0019367i,-0.00037696+0.00091938i,0.00059761-0.00072072i,0.0008115-0.0030993i,-0.00026502-0.0048556i,-0.002175-0.0050685i,-0.0026483-0.0052425i,-0.0015019-0.0044117i,-0.00091747-0.0027445i,-0.0011135-0.0019507i,-0.0020912-0.0011582i,-0.0024411-0.00075532i,-0.0015638-0.0013573i,-0.00066651-0.0011197i,-0.00070065-0.00045925i
-0.00049878+0.00021559i,0.00065472+0.0012011i,0.0014956+0.0024327i,0.00077962+0.0027928i,0.00058424+0.0028283i,0.00014078+0.0037156i,-0.0017646+0.0045668i,-0.0030973+0.0050952i,-0.002356+0.0043975i,-0.00044118+0.0028158i,0.00084949+0.0014652i,0.0017557+0.00030481i,0.0026247-0.0012074i,0.0031897-0.0021697i,0.003189-0.0019616i,0.0029046-0.00083411i,0.0031569-0.00025184i,0.0025993-0.0010482i,0.0016788-0.0019512i,0.00078823-0.0017416i,0.00086197-0.00058088i,0.0015211-0.00014704i,0.0019959-0.0011647i
0.0063501-0.00055492i,0.0047942+0.00029483i,0.0023151+0.00035565i,0.00025816+0.00033753i,0.0014429+0.00079122i,0.0050142+0.0014763i,0.0062758-0.00021349i,0.0051691-0.0014626i,0.0036662+0.00014419i,0.0017694+0.00087005i,-0.00067261+0.00069481i,-0.0022557+0.0016111i,-0.0009128+0.0029126i,0.0021371+0.0031977i,0.0037714+0.0018026i,0.0029508+0.00054849i,0.0015318+0.00033687i,0.00054774-0.00060974i,-4.3666e-05-0.0022026i,-0.00093622-0.0021055i,-0.00069205-0.00096196i,-0.00028111-0.0001208i,-0.00036202+0.00043616i
-0.00237+0.0043125i,-0.0014424+0.0021123i,-0.00089779+9.8226e-05i,-0.0028274-0.0010485i,-0.002799-0.0020708i,-0.00037682+1.1987e-05i,0.0031199+0.0037163i,0.0054183+0.0048237i,0.0051213+0.0022341i,0.0024312-0.00066858i,0.00054123-0.0020335i,0.00023836-0.0033141i,0.00058911-0.0036091i,0.00099197-0.0020116i,0.00075489+0.00015435i,0.00089351+0.0018876i,0.00080548+0.0025213i,0.0013797+0.0017461i,0.0019317-0.00054632i,0.0014198-0.0021594i,0.00069201-0.0016622i,0.00032292-0.00048859i,-7.4136e-05-0.00056537i
-0.00085138-0.0030803i,-0.0013862-0.0029833i,-0.00094993-0.0030555i,-0.0016131-0.002549i,-0.003211-0.00087658i,-0.0041018+0.00056842i,-0.0032702-0.00027032i,-0.0017732-0.0020109i,-0.00061049-0.0029834i,0.00031219-0.0022i,0.0014737+0.00029223i,0.0031276+0.0012142i,0.0038633+0.00054496i,0.0025832+0.00074833i,0.00048384+0.0015248i,-0.0006487+0.0019749i,-0.00046829+0.0029586i,0.00099017+0.0043689i,0.0027955+0.004675i,0.0036416+0.003152i,0.0034209+0.0016641i,0.0034493+0.0014804i,0.0030677+0.00077804i
0.0041788+0.00098088i,0.0054012-0.0018908i,0.0029748-0.0025076i,0.0027524-0.0011325i,0.0058139-0.00042575i,0.0075306-0.0020662i,0.0072424-0.0047526i,0.0045919-0.0071607i,0.00076497-0.0055715i,-0.0011208-0.0021816i,-0.0018814-5.5701e-05i,-0.0029047+0.0018448i,-0.0029294+0.0034265i,-0.0019186+0.0037964i,-0.00095803+0.0034544i,-0.00085946+0.0025676i,-0.0021345+0.0010021i,-0.0035579+0.0012489i,-0.0031716+0.0028083i,-0.0013989+0.0036979i,-0.00070823+0.0033594i,-0.0012148+0.0014166i,-0.00011924+0.00075871i
0.00057083-0.0016075i,4.9721e-05-0.00024383i,-0.00020643-0.00089445i,-0.0008285-0.0012117i,-0.0012614+0.00092167i,6.9438e-05+0.0036348i,0.0015796+0.0052447i,0.00058855+0.004504i,-0.0012593+0.0017611i,-0.0015856-0.00037571i,-0.0010469-0.002347i,-0.0016896-0.0034929i,-0.0029224-0.0032786i,-0.0036115-0.002492i,-0.0046249-0.0026422i,-0.0046235-0.0029965i,-0.0041173-0.0019334i,-0.0038349-0.00086883i,-0.0037294-0.00064275i,-0.0030472+0.00013813i,-0.0022617+0.0010231i,-0.0023348+0.0011226i,-0.0027558+0.00026009i
0.0026801+0.0025105i,0.0026471+0.0023356i,0.0027357+0.0034418i,0.0034177+0.00348i,0.0038665+0.0019205i,0.002207+0.00022256i,-0.00024808+0.0013554i,-0.0017568+0.0029645i,-0.0010987+0.0028179i,0.0014401+0.0020761i,0.0039974+0.0012531i,0.0044497+4.8015e-05i,0.0026601-0.0012711i,0.00035684-0.0024573i,-0.00076789-0.0024154i,-0.0015875-0.0020086i,-0.0017239-0.0023411i,-0.0012422-0.0018434i,-0.0011334-0.0012205i,-0.00027919-0.00013821i,0.00068519+0.00076054i,0.0014237+0.00041763i,0.0013393-0.00061161i
-0.0033373+0.0059007i,-0.00224+0.0051656i,-0.0017043+0.0043377i,-0.00058552+0.0028313i,0.0012342+0.0012857i,0.003177-0.00021292i,0.0040945-0.0016051i,0.0050545-0.0017684i,0.0046143+0.00036265i,0.0020251+0.0018198i,0.00016632+0.0015711i,6.3316e-05+0.0022972i,0.00027543+0.0019028i,0.0016621-0.001495i,0.0032612-0.0031103i,0.0033699-0.0029138i,0.0015771-0.0022975i,0.00013214-0.001783i,0.00014521-0.0021704i,0.00026259-0.0019537i,0.00011342-0.0012218i,-2.7613e-06-0.00056898i,-0.00022657-0.00033386i
-0.0018155+0.00075727i,-0.001089+0.00022116i,-0.0019565+0.00087869i,-0.0017624+0.0017909i,0.00052369+0.002345i,0.0034665+0.0013286i,0.0054943+0.0017999i,0.0062362+0.0021176i,0.005136+8.8406e-05i,0.0022572-0.0015174i,9.6953e-05-0.0025481i,-0.00055569-0.0037014i,0.0012912-0.0031937i,0.0035715-0.0011995i,0.0044464-0.00030136i,0.0037891-0.00042943i,0.0024865-0.0012605i,0.00072565-0.0027691i,-0.0011711-0.0036226i,-0.0020468-0.0029584i,-0.0022491-0.0018634i,-0.0022399-0.0010774i,-0.0025637-0.00024665i
0.0026475-0.0022094i,0.0042158-0.0041518i,0.0025299-0.0052341i,-0.00020275-0.0038521i,-0.0011591-0.001496i,-0.00059145-0.00052848i,-3.9235e-05-0.0019235i,-0.00029147-0.0036305i,-0.0005558-0.0041606i,0.00037586-0.0033517i,0.0023327-0.0013662i,0.0029429-0.00097509i,0.0021938-0.0013138i,0.0021489+5.0491e-05i,0.0019608+0.0022682i,0.0016191+0.0035609i,0.0016328+0.0031207i,0.0026874+0.0017713i,0.0027604+0.0010056i,0.0021442+0.0004859i,0.0021437+0.00040995i,0.0020675+0.00079028i,0.0019205+0.00012827i
-0.0019801+0.0029683i,-0.0026701+0.0028416i,-0.0021719+0.0022164i,-0.00033025+0.00093275i,0.0010588-0.00063463i,0.0023373-0.0011362i,0.0030573-0.0019007i,0.0018775-0.0034586i,-0.00037031-0.0028703i,-0.0009925+0.00015899i,-0.00072669+0.0027313i,-0.00061996+0.0038961i,-0.00079252+0.0034331i,-0.001934+0.0029901i,-0.0022328+0.0035605i,-0.00083209+0.0035401i,0.00062928+0.0035632i,0.0014851+0.0038557i,0.0020874+0.0037155i,0.0020108+0.002141i,0.0021441-0.00024845i,0.0026333-0.00089695i,0.0029651-0.00045482i
-0.00049736-0.0008349i,-0.00032575-0.00067175i,-0.00056364+1.2593e-06i,-0.00045137+0.00026684i,0.00022918+0.00061382i,0.0014364+0.0016736i,0.0018271+0.0027142i,0.00051315+0.0030789i,-0.00086851+0.0025924i,-0.0015854+0.0015896i,-0.0021036+0.00038433i,-0.0028098-0.0006501i,-0.0029191-0.00020403i,-0.0027995+0.00020142i,-0.0032953-0.0002268i,-0.0032467+0.00014019i,-0.0022885+0.00096709i,-0.0022577+0.0011616i,-0.0028348+0.00059056i,-0.0021587+9.1243e-05i,-0.0009713+1.7328e-05i,-0.001939-1.3341e-05i,-0.0022826+0.00033756i
0.002794-0.0031993i,0.0041313-0.0027053i,0.0021789-0.001149i,-0.00057676+0.00033786i,-0.00060771+0.00034928i,0.00028095-0.00045256i,0.0018614-0.00054214i,0.0025488+0.00028224i,0.0015476+0.0012296i,0.0014669+0.0011015i,0.0022923-0.00039583i,0.0027051-0.0023896i,0.0022477-0.0028069i,0.00089747-0.0022986i,0.00026336-0.0019333i,-0.0015329-0.00053104i,-0.0033736+0.00028924i,-0.0027876+0.00033761i,-0.0015513+0.00050155i,-0.00078201+0.0010394i,-0.00058045+0.0012236i,-0.00015238+0.0010669i,0.00025471+0.00090931i
0.0043397+0.0045072i,0.0039071+0.003504i,0.0026271+0.0015786i,0.00058341-0.00054277i,0.0013159-0.0017787i,0.004111-0.00063941i,0.0055497-0.00021715i,0.0056665-0.0010848i,0.0042269-0.00050038i,0.0023484+0.00058737i,0.00088723+0.0017466i,0.0012322+0.0017261i,0.0019184+0.00021729i,0.00036783-0.00097874i,-0.0021108-0.0016364i,-0.0022933-0.00036344i,-0.0015099+0.0024167i,0.00026061+0.0025964i,0.0017954+0.00081867i,0.0010263-0.00079308i,0.0013259-0.0013749i,0.0019386-0.00050062i,0.0013567-0.000317i
-0.0048712+0.00089124i,-0.005228-0.0011918i,-0.0021292-0.0022213i,0.00096104-0.0013874i,0.001493-0.00046734i,0.0014193-0.00045836i,0.0030363+0.00036661i,0.0034577-0.00042424i,0.002723-0.0017074i,0.0008214-0.0019021i,-0.0019898-0.0014351i,-0.0034639-0.00037011i,-0.0013637+0.00051063i,0.0015161-0.00030213i,0.0033495-0.0018294i,0.0027679-0.0025189i,-0.00014837-0.0023331i,-0.0021447-0.0016583i,-0.0017719-0.0012716i,-0.00076507-0.00021531i,-0.0002125+0.00059538i,-0.00026925+0.0012542i,-0.0010202+0.0024865i
0.0022304-0.0037557i,0.0027589-0.0022045i,0.0019557-0.0014515i,0.0020335-0.00080379i,0.0026993+0.00028001i,0.0028795-0.00039729i,0.0026835-0.0026437i,-0.00018514-0.0044367i,-0.0021312-0.0043127i,-0.0011181-0.002449i,-0.0007168-0.0023035i,-0.0011723-0.0033295i,-0.00037562-0.0022042i,0.0025877+0.0002419i,0.0043574+0.001292i,0.0034302+0.00085912i,0.00046148-0.00067221i,-0.0008382-0.00089758i,-0.00020209+0.0012633i,0.00032507+0.0021029i,8.9942e-05+0.0017087i,-0.00058001+0.002017i,-0.00052674+0.0018909i
0.0061872+0.0045607i,0.0056519+0.0062706i,0.0035049+0.0054466i,0.00030045+0.0031025i,-0.00058788+0.0020893i,0.0017926+0.0030088i,0.0024994+0.0033978i,0.0016422+0.0020778i,4.0593e-05-0.00017631i,-0.0013217-0.0010101i,-0.00099049-0.00063915i,0.00067227-0.00032698i,0.0005027+0.00044272i,-0.0020702+0.002206i,-0.003067+0.0040742i,-0.0016375+0.0036695i,0.00083662+0.0019875i,0.0016762+0.00074474i,0.0015774+0.001044i,0.0019518+0.0017678i,0.00086628+0.0010472i,-0.00011666-0.0004556i,-0.00051794-0.00050967i
-0.0055407-0.00064672i,-0.0041319-0.0028967i,-0.0033858-0.0030356i,-0.0027326-0.00021783i,-0.0011963+0.0031027i,0.0019402+0.0038589i,0.0041669+0.0038688i,0.0039258+0.0035015i,0.0031219+0.0011793i,0.0027379-0.0004938i,0.0019452+0.00034263i,0.00021283+0.0021376i,-0.0018662+0.0033453i,-0.0040053+0.0025343i,-0.0047958+0.0011249i,-0.0033333+0.00017116i,-0.0018475-0.0006248i,-0.0013367-0.0013601i,-0.0015179-0.001662i,-0.0014308-0.00060447i,-0.00071086-0.00029078i,-0.00025918-0.000895i,-7.3083e-05-0.0010892i
0.00080665-0.0045515i,-0.00088642-0.0037652i,-0.0021491-0.00073031i,-0.00097257+0.00025523i,0.00097968-0.0014855i,0.0023949-0.0035198i,0.0040141-0.0042923i,0.0049927-0.0031062i,0.0037899-0.00022916i,0.0015492+0.0017702i,0.0012667+0.00063266i,0.0008278-0.0018038i,-0.00035965-0.0041597i,9.6775e-05-0.0036091i,0.00075048-0.0024119i,-0.00011872-0.0017272i,-0.0011667-0.00044872i,-0.00077482-0.00071226i,-0.00077176-0.0014405i,-0.00055524-0.00030446i,3.45e-05+0.0010843i,0.00045724+0.0016028i,0.00054773+0.0013834i
0.00068106+0.0045448i,0.00037733+0.0021388i,-0.0014299+0.00049633i,-0.0028543+0.00174i,-0.0010128+0.0025804i,0.0013836+0.0024233i,0.0019574+0.0013083i,0.0013867-0.0011032i,-3.0736e-05-0.0019797i,-1.9838e-05-0.00053166i,0.0019176+1.0445e-05i,0.0041688-0.0018134i,0.0044131-0.003747i,0.0022256-0.0040694i,0.00053897-0.0017234i,0.00013357+0.001653i,0.0015699+0.0026613i,0.0034432+0.0021018i,0.0032757+0.00074029i,0.0012145-0.0012474i,-0.00070678-0.0021114i,-0.00099688-0.0013775i,-8.5809e-05-0.00010106i
0.00062511-0.0056499i,0.0012085-0.0038372i,0.0026095-0.0027768i,0.0017691-0.0022935i,-0.00055718+0.00074209i,0.00021445+0.0040577i,0.0021268+0.0039307i,0.0011701+0.00059758i,0.00072444-0.001914i,0.0012207-0.001631i,0.00089429-0.00013016i,0.0010498+0.0024362i,0.0015771+0.0034868i,0.00088812+0.0011112i,0.0004565-0.00088618i,0.00058778-0.0002332i,-0.0001129+0.0020702i,-0.00063053+0.0029122i,-0.00089938+0.0015177i,-0.00031696+0.00067534i,0.00084336+0.00048933i,0.00061815-0.00066278i,-0.00018085-0.0021441i
0.0080657+0.0037234i,0.0062378-0.00054965i,0.0029663-0.0036903i,0.0020889-0.004716i,0.0031644-0.0049188i,0.0030829-0.0043994i,0.0018969-0.0014251i,0.00045268+0.0018828i,-0.00094474+0.0033527i,-0.0016884+0.0021565i,-0.0020844+0.00028823i,-0.003422-0.00044637i,-0.0033641+6.768e-05i,0.00088038+0.00044754i,0.0041736-0.00016408i,0.0022702-0.00016293i,-0.0012472+0.0010883i,-0.0027288+0.0018784i,-0.0014393+0.0020486i,0.00069412+0.0019504i,0.0022478+0.0017547i,0.0026141+0.0014221i,0.0023842-3.6604e-06i
-0.0037263+0.0035652i,-0.0034819+0.0051613i,-0.0039264+0.0051797i,-0.004907+0.004291i,-0.0036888+0.0031305i,-0.00023929+0.0037384i,0.00066172+0.0056373i,-0.00066467+0.0048756i,-0.0033572+0.0020772i,-0.0055904+0.00017365i,-0.005085-0.00085388i,-0.0022789-0.0011781i,-0.00016836-0.00066956i,0.00047268+0.0020044i,0.0010355+0.0044396i,0.00066015+0.0032447i,-0.00099003+0.00023243i,-0.0014853-0.00012693i,-0.00065498+0.0011854i,0.00048961+0.0011837i,-5.9232e-05+0.0011946i,-0.0013907+0.0012415i,-0.001431+0.001607i
-0.0022985+0.00077416i,-0.0016512-0.00089475i,0.0027175+0.0012411i,0.0065853+0.0061133i,0.0084792+0.0070052i,0.0097244+0.0039289i,0.01094+0.0010916i,0.012095-0.002163i,0.010598-0.0041504i,0.0064774-0.0038629i,0.0034175-0.0014585i,0.0021606+0.0018215i,0.00034804+0.0039128i,-0.002024+0.0050785i,-0.0040939+0.0052117i,-0.005062+0.003645i,-0.0038632+0.0019531i,-0.0037099+0.00096528i,-0.0039121+0.0002028i,-0.0020588-0.00086996i,-0.00065995-0.001057i,-0.0010869-0.0014303i,-0.0014085-0.0023305i
-0.00016716-0.0028659i,0.0022454-0.0017663i,0.0026535+0.00053339i,0.0030075-0.000672i,0.0048091-0.002803i,0.0054454-0.0038941i,0.0061294-0.0062191i,0.0073912-0.0070807i,0.0060449-0.0037365i,0.0045293+1.0826e-05i,0.0034183+0.00099368i,0.0007876-0.00025941i,-0.0020254-0.0015059i,-0.0040323-0.0015538i,-0.0047219-0.0018752i,-0.0038668-0.0023244i,-0.0027937-0.0019487i,-0.0023765-0.001761i,-0.00143-0.0011881i,-0.00033176+0.00010919i,0.001419+0.000565i,0.0037833+0.00026449i,0.0056808+7.7582e-05i
0.0046277+0.0070948i,0.0032375+0.008291i,-0.001127+0.0057127i,-0.0055584+0.0025663i,-0.0068241+0.0020889i,-0.0060542+0.0035236i,-0.0057447+0.0029337i,-0.0066721-0.0010829i,-0.0058716-0.0028462i,-0.0026789-0.0011435i,-0.00027838-0.0012687i,0.001213-0.0039681i,0.001494-0.0077831i,-0.00032467-0.0097265i,-0.0015448-0.0085631i,-0.00091589-0.0069361i,0.0012535-0.0051462i,0.0040471-0.0034753i,0.004047-0.0029678i,0.001644-0.0027642i,-0.00020524-0.0008854i,-0.00079863+0.0021822i,-0.00099032+0.0037182i
-0.0086536-0.0022559i,-0.0061868-0.0051846i,-0.0011634-0.0045158i,0.0022255+3.0085e-05i,0.0032047+0.0040831i,0.0042328+0.0049423i,0.0039015+0.0038278i,0.0020315+0.0025333i,0.0035082+0.0020895i,0.0045485+0.00049973i,0.0038907-0.00051317i,0.0034805+0.00018538i,0.0039413-0.00064091i,0.004053-0.0025262i,0.0020749-0.0024083i,0.0016045-0.0016775i,0.0017989-0.0011108i,0.0015594-0.00060593i,0.0013798+0.00012833i,5.8502e-05+0.0010869i,-0.0015073+0.0013757i,-0.0029071+0.0011403i,-0.0037579+0.00064015i
0.0062058-0.0045022i,0.0040754-0.007645i,0.00019876-0.00847i,-0.00047524-0.0099288i,0.0024453-0.0082977i,0.0047377-0.003257i,0.0057444+0.0017552i,0.0053308+0.0069826i,0.0024724+0.010456i,-0.00034103+0.0078696i,-0.0019237+0.0035378i,-0.0035907+0.0024171i,-0.0031614+0.0032215i,0.00073463+0.0021068i,0.0039271-0.00038465i,0.0036738-0.00040816i,0.0019043+0.0023002i,0.00034847+0.003501i,-0.00044768+0.0022427i,-0.00083364+0.0011095i,0.00016821-0.00017389i,0.0025562-0.0014882i,0.0031982-0.0021409i
0.0025111+0.0035211i,0.0010953+0.0093884i,-0.0050909+0.0098788i,-0.010105+0.0089152i,-0.01008+0.006722i,-0.0045268+0.0048329i,0.00051775+0.0051787i,0.00043998+0.0053107i,-0.0038693+0.0044759i,-0.0076052+0.003928i,-0.0060047+0.0036352i,-0.00069095+0.0020626i,0.0030849+0.001003i,0.0039897+0.0018098i,0.0044767+0.0026635i,0.0037993+0.0019808i,0.0026593+0.00086141i,0.0018656+0.0003711i,0.0010063-0.00023666i,0.00068152-0.00071897i,0.00056193-0.00038969i,-0.00046453+0.00027945i,-0.0018726+0.00045165i
-0.0016032-0.0016376i,-0.0030591-0.0043768i,0.0025004-0.0050035i,0.0071538-0.0021323i,0.0067579-0.00068034i,0.0067468-0.0032441i,0.010846-0.0074611i,0.013495-0.011222i,0.0099317-0.011462i,0.0032512-0.0077527i,0.00058351-0.0028765i,0.0015612+0.0012761i,0.003712+0.0044478i,0.0034367+0.0069119i,-9.311e-05+0.0083663i,-0.0020767+0.0074928i,-0.0024447+0.0045218i,-0.0020364+0.0018704i,-0.00076301+0.0013092i,-0.00084834+0.0012868i,-0.001374+0.001136i,-0.001705+0.0014994i,-0.0021803+0.0015862i
0.0024047-0.0085945i,0.0060019-0.0094334i,0.004779-0.0094013i,0.0043709-0.011993i,0.0070167-0.011907i,0.0068534-0.0084696i,0.0036227-0.0083154i,-0.00016396-0.010102i,-0.0013217-0.0086235i,0.00069175-0.0048263i,0.0023035-0.0024289i,0.00021604-0.00087263i,-0.0029052+0.00058674i,-0.0051711+0.0019596i,-0.0075126+0.0033199i,-0.0075254+0.0049536i,-0.005583+0.0049226i,-0.0038092+0.0026617i,-0.0028376+0.0010532i,-0.0016593-5.5792e-05i,9.9968e-05-0.0012049i,0.0022357-0.0021476i,0.0031547-0.0029674i
0.0087736+0.0034845i,0.0029115+0.0076805i,-0.0083397+0.0092033i,-0.017144+0.010166i,-0.016718+0.0092319i,-0.011826+0.0082289i,-0.013458+0.0074535i,-0.017036+0.0026768i,-0.014525-0.0023901i,-0.0077272-0.0036618i,-0.0027774-0.0038566i,-0.0012975-0.0047134i,-0.0029433-0.0052799i,-0.0060264-0.0063246i,-0.0067722-0.0066829i,-0.0055543-0.0047711i,-0.0028656-0.0021522i,0.00025586-0.0007091i,0.0011968-0.00055348i,0.00086786-0.0012254i,0.0013996-0.0014732i,0.0016718-0.00071082i,0.0011105+0.00014137i
-0.012282+0.0065573i,-0.010571+0.0029852i,6.075e-05+0.0007033i,0.0085939+0.0051314i,0.0089482+0.0096115i,0.0085765+0.0086814i,0.011137+0.0082664i,0.012237+0.0076936i,0.011464+0.0026805i,0.0095036-0.0023601i,0.0069815-0.0046229i,0.0043612-0.004332i,0.002155-0.0045805i,0.0013139-0.0059073i,0.00049236-0.0065027i,-0.00041622-0.0059839i,-0.00089171-0.0043923i,-0.0007561-0.001867i,-0.0004668+1.0983e-05i,0.00098646+0.0011364i,0.0012654+0.0028846i,-0.00062095+0.0031973i,-0.0012406+0.0022452i
0.00093922-0.018134i,0.0033269-0.01987i,0.0026882-0.018463i,0.0053979-0.01924i,0.011718-0.015773i,0.015842-0.0079439i,0.016198+0.0012238i,0.01498+0.0086555i,0.011712+0.01087i,0.0073173+0.0088667i,0.0035168+0.0069553i,0.00016331+0.0050549i,-0.00027503+0.0023865i,0.0025534-0.00017432i,0.0042299-0.0017813i,0.0021337-0.0022379i,-0.0012824-0.0011176i,-0.0036309+0.00024252i,-0.0039808+0.0016801i,-0.0027142+0.0024217i,-0.00075703+0.0013714i,0.00082118+0.00014359i,0.0015651-0.00092988i
0.013045+0.0096242i,0.010102+0.015467i,-0.001574+0.016575i,-0.013881+0.015211i,-0.014845+0.011085i,-0.006838+0.0085236i,-0.00076291+0.0062558i,0.0011858+0.0017088i,-0.0008869+0.0014167i,-0.0039296+0.0054394i,-0.0040443+0.0070727i,-0.0012472+0.0052996i,0.0016926+0.0039739i,0.0033745+0.0023587i,0.0045523-0.00045279i,0.0044169-0.0016236i,0.0025813-0.001389i,0.00028465-0.0012802i,-0.0021442-0.0012193i,-0.0027139-0.00080683i,-0.0013173-0.0011288i,-0.00098321-0.0021231i,-0.0015581-0.0019828i
-0.0095822+0.007424i,-0.0098275+0.0035369i,0.0014546+0.0035831i,0.011704+0.010598i,0.013094+0.015434i,0.012504+0.008386i,0.014728-0.0052878i,0.015522-0.013671i,0.011607-0.012531i,0.0064013-0.0061322i,0.0046302-0.0020948i,0.0054538-0.00045346i,0.0064401+0.00031638i,0.0071743+0.0022456i,0.0068385+0.00373i,0.0064015+0.0018298i,0.0059816-0.0015675i,0.0042051-0.0037711i,0.0033103-0.0038949i,0.0021577-0.0018614i,-0.00020705+0.00039046i,-0.0010213+0.0010192i,-0.00083509+0.0015164i
-0.0014-0.013098i,0.0030878-0.018245i,0.0022496-0.021621i,0.0022319-0.028307i,0.0054944-0.029206i,0.0013383-0.020891i,-0.0059451-0.012827i,-0.0097191-0.0090395i,-0.010029-0.0054437i,-0.0055465-0.0021931i,8.455e-05-0.00032538i,0.0013814+0.00031975i,-0.00024133+0.00097729i,-0.00061318+0.0032103i,-0.0004719+0.0057901i,-0.0009173+0.0065171i,-0.00082772+0.0037899i,-0.00037132+0.00185i,-0.00031422+0.0012881i,-0.00045346+0.0010086i,-0.00025534+0.0014038i,0.0010808+0.00051388i,0.0021959-0.00081941i
0.014523+0.0054098i,0.0078067+0.015645i,-0.0087302+0.018072i,-0.021392+0.016472i,-0.023666+0.015367i,-0.017546+0.015171i,-0.017737+0.015585i,-0.022993+0.013521i,-0.021014+0.0080316i,-0.014216+0.0019632i,-0.01057+1.5977e-05i,-0.010104+0.00060874i,-0.0097845+0.00063054i,-0.011027+0.00036618i,-0.01128+0.0011483i,-0.007574+0.003645i,-0.003024+0.00438i,-0.00016264+0.0027905i,0.00026984+0.00017339i,-1.3382e-05-0.0016391i,0.00075545-0.001124i,0.0012018-0.00028523i,0.00073595-0.00043061i
-0.0089556+0.011721i,-0.0089101+0.003557i,0.0063484+0.0025271i,0.019256+0.011786i,0.021652+0.01782i,0.019198+0.016229i,0.021755+0.012882i,0.02556+0.009741i,0.020977+0.0042482i,0.010017-0.0029296i,0.0014337-0.0082846i,-0.0022935-0.0091108i,-0.0042307-0.0085203i,-0.0052847-0.0085201i,-0.0049534-0.0065899i,-0.0032112-0.00307i,-0.00049632+0.00030176i,0.0028383+0.0025389i,0.0045317+0.002493i,0.0033319+0.0010352i,0.0016705+0.00073201i,0.00062965+0.0017251i,0.00068197+0.0014774i
-0.0081553-0.022547i,0.0023331-0.026322i,0.0062013-0.026362i,0.0053464-0.03259i,0.0035594-0.032996i,0.0024681-0.022391i,0.0071312-0.011755i,0.01206-0.0031692i,0.010292+0.0023564i,0.006745+0.0033768i,0.0068609+0.0023523i,0.0073325-0.00022925i,0.0060214-0.0033928i,0.0058154-0.0039606i,0.0055063-0.0034266i,0.0014774-0.0025384i,-0.00318+0.00089759i,-0.004017+0.0034429i,-0.0020409+0.0034868i,-0.00079257+0.0026234i,-0.00068343+0.0017489i,-0.00034341+0.0028737i,0.00010481+0.0032116i
0.032772+0.0029392i,0.017454+0.016711i,-0.010768+0.019322i,-0.030346+0.01731i,-0.030576+0.01228i,-0.01653+0.0051762i,-0.0067745+0.0023401i,-0.0045622-0.00017689i,-0.0038041-0.0010869i,-0.0032999+0.0039862i,-0.0033414+0.010665i,-0.0022998+0.011865i,0.0019231+0.0090683i,0.0037949+0.0062757i,0.00055421+0.0028755i,-0.0022745+0.0010234i,-0.0030309+0.0020417i,-0.0038517+0.0029043i,-0.0041394+0.00228i,-0.0032204+0.00084696i,-0.0016447-5.5478e-05i,-0.0010565-0.00046009i,-0.0020805+0.00018954i
-0.024543+0.031108i,-0.022934+0.017252i,0.0041611+0.012025i,0.028795+0.020989i,0.032293+0.023712i,0.025741+0.014723i,0.022025+0.00015394i,0.017831-0.01135i,0.011869-0.012578i,0.006325-0.0081837i,0.0026066-0.0075206i,0.0018879-0.0077895i,0.0025125-0.0040189i,0.0026484-7.5076e-05i,0.0025052+0.00022184i,0.002525-0.0018678i,0.0018314-0.0032722i,0.00096097-0.0028395i,0.0012576-0.0020784i,0.0016387-0.0013736i,0.0003108-0.0011297i,-0.0017248-0.0011684i,-0.001424-0.0014304i
-0.015915-0.049714i,0.0017004-0.048143i,0.0068012-0.035104i,0.0021538-0.035583i,0.001892-0.033739i,-0.0027205-0.024261i,-0.012815-0.017335i,-0.018919-0.012236i,-0.01752-0.0081755i,-0.0081271-0.0072197i,0.0045476-0.0075301i,0.010424-0.0071192i,0.0082918-0.0065008i,0.0051269-0.0044114i,0.0035017-0.0017797i,0.0022117-0.00089168i,-0.0001422-0.00091936i,-0.0028495-0.0010914i,-0.002723-0.00035049i,-4.6712e-05+0.00026181i,0.0014995-0.00091803i,0.0017123-0.00063147i,0.0015392+0.00078986i
0.055522+0.016479i,0.032835+0.033978i,-0.012463+0.030741i,-0.039961+0.021256i,-0.043012+0.012981i,-0.027065+0.0088698i,-0.012727+0.014596i,-0.011547+0.016936i,-0.010226+0.01108i,-0.0055178+0.0055812i,-0.0040074+0.0072925i,-0.004425+0.011562i,-0.0041568+0.010537i,-0.0053632+0.0059776i,-0.0073863+0.0024822i,-0.0058408+0.0016942i,-0.0031536+0.0015652i,-0.0019415+0.00025191i,-0.00051147+0.00050095i,0.00070179+0.0014145i,0.0016856+0.0015036i,0.0014865+0.00077306i,-0.00056536-0.00055531i
-0.041553+0.041316i,-0.044597+0.021465i,-0.0090029+0.0036867i,0.027902+0.0084998i,0.046049+0.019202i,0.052506+0.018492i,0.053795+0.012169i,0.051121+0.0092677i,0.037756+0.0051525i,0.016022+0.0017441i,-0.0019908-1.5084e-05i,-0.0084309-0.0015088i,-0.0080655-0.0021431i,-0.0070234-0.001551i,-0.0054856+0.00054206i,-0.001488+0.00054188i,0.0031044-0.00094831i,0.004466-0.00025673i,0.0035365+0.0011435i,0.0021086+0.0027053i,0.00074326+0.0035089i,0.00040338+0.0019904i,0.00095717-0.00098614i
-0.021507-0.065114i,0.0079392-0.070174i,0.024531-0.049912i,0.020295-0.044122i,0.01489-0.043876i,0.0075859-0.026633i,0.0019691-0.013234i,0.0023556-0.01257i,0.0014797-0.0096562i,0.0015973-0.0057954i,0.0053945-0.0076059i,0.0069754-0.010574i,0.0055984-0.011919i,0.0051878-0.011265i,0.0054599-0.0091995i,0.004216-0.0055422i,0.0015527-0.00093956i,-0.0014131+0.0020736i,-0.0025895+0.0025331i,-0.0025544+0.0013281i,-0.0020304+0.00018558i,-0.00065181-0.00022487i,0.0014025+0.0003859i
0.07089+0.016479i,0.050255+0.047641i,-0.0064871+0.050972i,-0.045086+0.041418i,-0.056018+0.035242i,-0.044084+0.020122i,-0.02877+0.0089301i,-0.02162+0.0084307i,-0.01212+0.0089285i,0.00070864+0.0091814i,0.0088291+0.012926i,0.010009+0.01448i,0.01074+0.011259i,0.0117+0.006315i,0.0081433+0.0026444i,0.0023638+0.0015219i,-0.00057993+0.0011181i,-0.0028624-0.00026825i,-0.0054932-0.0012662i,-0.0048898-0.00065769i,-0.0023898+0.00052284i,-0.0018245+0.0015475i,-0.0029233+0.002303i
-0.054988+0.069538i,-0.067621+0.043344i,-0.032477+0.011543i,0.019677+0.0077473i,0.05279+0.011088i,0.0532+0.010148i,0.039354+0.0071196i,0.028647+0.0020568i,0.017004+0.0010233i,0.0057013+0.0057409i,-0.0023006+0.0083082i,-0.0058763+0.0086815i,-0.0041697+0.010812i,-0.0011088+0.013023i,0.00036962+0.012423i,0.0010562+0.008434i,0.0016453+0.0028049i,0.001925-0.001313i,0.00026023-0.0031818i,-0.0022021-0.0024326i,-0.0029519-0.00044913i,-0.0024062+8.8263e-05i,-0.001607-0.0010902i
-0.039073-0.097723i,0.00020217-0.11007i,0.033217-0.079984i,0.030904-0.060387i,0.016587-0.046966i,0.0019523-0.020369i,-0.015853-0.0054372i,-0.028689-0.0058466i,-0.029178-0.0063093i,-0.020688-0.0087478i,-0.011135-0.014592i,-0.0059768-0.015798i,-0.0068319-0.010523i,-0.0095924-0.0052077i,-0.0072022-0.0025307i,-0.0026161-0.0010931i,-0.0017391+0.00068085i,-0.0015689+0.001475i,0.00044871-0.00039101i,0.0020006-0.003536i,0.0019038-0.0050365i,0.0018806-0.0045345i,0.0027265-0.0035015i
0.12263+0.0068453i,0.10345+0.049254i,0.025209+0.068038i,-0.036468+0.073117i,-0.060066+0.072446i,-0.056948+0.052248i,-0.037283+0.034546i,-0.019002+0.025751i,-0.0077812+0.014492i,0.0010214+0.0038738i,0.0073717+0.002301i,0.0081289+0.0029924i,0.0032828+0.00015985i,-0.0033257-0.0029803i,-0.0065592-0.0048661i,-0.007096-0.0033003i,-0.0059682-0.00011779i,-0.0033652+0.00058517i,0.00027527-0.00040327i,0.0035389-0.0023536i,0.0045046-0.0023685i,0.0035702-0.00027551i,0.002889+0.0013753i
-0.070848+0.1231i,-0.10511+0.094145i,-0.071099+0.034141i,-0.0052022+0.0019025i,0.033838-0.0082475i,0.051447-0.016164i,0.065673-0.019871i,0.067798-0.017328i,0.049214-0.012783i,0.021904-0.0014876i,0.0031276+0.010908i,-0.0029338+0.011283i,-0.0047474+0.003762i,-0.0040886-0.00084131i,-0.0014544-0.00037819i,-0.00085297+0.0012518i,-5.7664e-05+0.00089312i,0.0028657+0.00028101i,0.0050217+0.00034833i,0.0047732+0.0015307i,0.0027372+0.0026478i,-0.0003511+0.001912i,-0.0023748-0.00022774i
-0.075951-0.13967i,-0.025581-0.16271i,0.023739-0.12441i,0.022256-0.089677i,0.013768-0.079373i,0.012029-0.05793i,0.0040571-0.036803i,-0.0036896-0.030017i,-0.011832-0.020918i,-0.017255-0.011486i,-0.01698-0.011767i,-0.013749-0.014002i,-0.007454-0.013019i,-0.002112-0.010606i,-0.00016341-0.0072976i,0.0012911-0.0047639i,0.0021942-0.0014761i,0.0018711+0.0038178i,0.0029454+0.007287i,0.0034596+0.0064076i,0.0025535+0.0026435i,0.0022607-0.00077777i,0.0022007-0.0019366i
0.17691-0.0062738i,0.16888+0.044341i,0.08376+0.081187i,0.0013935+0.096686i,-0.048866+0.10137i,-0.061015+0.080367i,-0.048802+0.052858i,-0.037972+0.037827i,-0.019962+0.027039i,0.00087884+0.01117i,0.012041-0.0012444i,0.015811-0.0041171i,0.015103-0.0050046i,0.012619-0.0071638i,0.0079722-0.0075666i,0.0026246-0.0044812i,-0.0018318-0.00095238i,-0.0056149+0.0016892i,-0.0073598+0.0048114i,-0.0059115+0.0056776i,-0.0016975+0.0046309i,0.002128+0.0048343i,0.0039302+0.0047427i
-0.086452+0.17799i,-0.13166+0.15715i,-0.11669+0.073336i,-0.051123+0.0088523i,0.0062575-0.015687i,0.021799-0.025013i,0.020246-0.019691i,0.027522-0.0052277i,0.025772+0.00211i,0.012671+0.007959i,0.007106+0.015735i,0.009553+0.017638i,0.011743+0.014284i,0.012304+0.0115i,0.011599+0.01008i,0.0075132+0.0068512i,0.0019857+0.0019796i,-0.0017013-0.0030091i,-0.003467-0.0049824i,-0.0049354-0.0035761i,-0.0059341+0.00072553i,-0.0065234+0.0038156i,-0.0061709+0.004027i
-0.12746-0.17339i,-0.0881-0.20471i,-0.021739-0.16711i,-1.6254e-05-0.13487i,5.5142e-05-0.13297i,0.0083257-0.098583i,0.0012388-0.050235i,-0.02089-0.02967i,-0.03201-0.01715i,-0.028092-0.0079106i,-0.023466-0.0084019i,-0.019702-0.0061091i,-0.013824+0.0037425i,-0.0093356+0.011922i,-0.005214+0.011941i,-0.00031226+0.0067817i,0.0026185+0.0020762i,0.003195-0.00080213i,0.0025863-0.0028398i,0.00082573-0.0037993i,-0.0012902-0.0041318i,-0.0032595-0.0060903i,-0.0040099-0.009148i
0.23405-0.044835i,0.24411-0.0030593i,0.16235+0.050382i,0.076335+0.098527i,0.030888+0.13341i,0.0083604+0.11862i,-0.0061143+0.078277i,-0.014113+0.053775i,-0.0077876+0.029745i,0.0039262+0.001463i,0.0083055-0.012141i,0.0056657-0.010197i,-0.00028852-0.004498i,-0.0058897-0.0023633i,-0.0079135-0.0028318i,-0.0065594-0.0017447i,-0.003362+0.00018486i,-0.0013675+0.00075407i,-0.0011076+0.0019429i,-0.00071494+0.0012571i,0.00070166+0.00039321i,0.0050663+0.0017515i,0.0085067+0.0014474i
-0.086312+0.24768i,-0.12754+0.23378i,-0.11437+0.12878i,-0.046206+0.033769i,0.012968-0.0038551i,0.029948-0.011493i,0.042335-0.019i,0.059467-0.033895i,0.048143-0.038523i,0.02344-0.01949i,0.013291+0.0033864i,0.0098787+0.0083706i,0.002737+0.00016191i,-0.0027193-0.0061245i,-0.0028173-0.0061128i,-0.0024044-0.0025371i,-0.0036745-0.00022723i,-0.0038173+0.00046412i,-0.0020948-0.00041665i,-0.001759-0.0024827i,-0.0031208-0.0005029i,-0.0034599+0.004948i,-0.001571+0.0075429i
-0.18262-0.20225i,-0.16117-0.2176i,-0.09431-0.17204i,-0.062314-0.14442i,-0.049894-0.15127i,-0.017562-0.13526i,0.0054371-0.10101i,-9.2026e-05-0.072718i,-0.010932-0.043289i,-0.014667-0.016368i,-0.01492-0.0030813i,-0.013366-2.2051e-06i,-0.008781+0.0002773i,-0.0045734-0.0025411i,-0.0044149-0.0038205i,-0.0036366-0.0028862i,-0.00064252-0.0019462i,0.0024523+0.00020252i,0.005486+0.00022212i,0.0073105-0.0015423i,0.0051758-0.0040635i,-0.00024162-0.0073008i,-0.0056055-0.0070504i
0.29314-0.070683i,0.30697-0.057907i,0.23716+0.0069221i,0.16235+0.10169i,0.11238+0.1625i,0.069473+0.14908i,0.029411+0.10702i,0.0079399+0.080057i,0.011291+0.058588i,0.019887+0.027066i,0.016239+0.001189i,0.0086952-0.0052806i,0.0086635-0.0030822i,0.011243-0.0019508i,0.008896-0.0025049i,0.0039401-0.0016331i,0.0014126-0.00099083i,0.00030777+0.0003819i,-0.00014282+0.0047951i,0.0013396+0.0072244i,0.0046927+0.0044888i,0.0082949+0.00052461i,0.0099996-0.00077193i
-0.097452+0.30062i,-0.10571+0.29186i,-0.086837+0.18005i,-0.040255+0.07336i,0.0050094+0.046652i,0.016141+0.053019i,0.021288+0.041172i,0.033381+0.021281i,0.032384+0.0074403i,0.018921+0.0066317i,0.012365+0.0092456i,0.011667+0.0037835i,0.0080674-0.0031186i,0.0062678-0.0044614i,0.0071601-0.00059252i,0.0056898+0.0025289i,0.00060464+0.0026256i,-0.0048787+0.0017981i,-0.0083772+0.00072183i,-0.0077609+0.0012579i,-0.0045192+0.003883i,-0.0014418+0.0077926i,0.00095376+0.0093423i
-0.21689-0.22297i,-0.22967-0.19876i,-0.19446-0.13092i,-0.17945-0.11402i,-0.17667-0.14198i,-0.13601-0.13368i,-0.080357-0.087327i,-0.049786-0.054106i,-0.042731-0.026651i,-0.032165-0.003697i,-0.017889+0.0009498i,-0.012511-0.00041077i,-0.012486+0.0043826i,-0.01232+0.0097709i,-0.0092355+0.0082733i,-0.005141+0.0032882i,-0.0032406-0.00030145i,-0.001239-0.0018216i,0.0018176-0.0039506i,0.0045883-0.0047109i,0.0034283-0.0039016i,-0.0034324-0.0053568i,-0.011685-0.0060174i
0.32586-0.083456i,0.33006-0.10344i,0.26492-0.052065i,0.20099+0.058288i,0.14487+0.12346i,0.093754+0.10479i,0.042227+0.070962i,0.00062794+0.068045i,-0.00047883+0.058961i,0.011669+0.024838i,0.0068995+0.0016018i,0.001238+0.0014339i,0.002497+0.0068948i,0.0061257+0.0090852i,0.0071984+0.0077689i,0.0059452+0.0047296i,0.006538+0.0012859i,0.0073638-0.00060863i,0.0043521+0.00051438i,0.0018421+0.0024547i,0.0033761+0.0025689i,0.006803-0.0014686i,0.0075548-0.0068551i
-0.10679+0.31952i,-0.080118+0.28594i,-0.03821+0.15064i,-0.00029688+0.035813i,0.043504+0.017664i,0.052079+0.03872i,0.041607+0.033278i,0.043859+0.0029684i,0.026229-0.022644i,-0.0019135-0.019025i,-0.0085462-0.0048646i,-0.0050063-0.0034082i,-0.0055147-0.010062i,-0.0062513-0.012576i,-0.0024964-0.0091071i,0.0018335-0.0040371i,0.0022582+0.000222i,-0.00066404+0.0022922i,-0.00245+0.0021423i,-0.0039959+0.0016254i,-0.0054771+0.0051992i,-0.00087529+0.010699i,0.0086528+0.0099476i
-0.24521-0.24442i,-0.26526-0.16812i,-0.26042-0.064134i,-0.2796-0.065354i,-0.29662-0.11636i,-0.23478-0.11123i,-0.12666-0.080852i,-0.069113-0.073829i,-0.056401-0.055216i,-0.039699-0.020655i,-0.017077-0.0026983i,-0.0055272-0.0035619i,-0.0080585-0.0077145i,-0.016983-0.0099898i,-0.021885-0.0090288i,-0.018874-0.0057585i,-0.013348-0.0018377i,-0.0072985+0.0016197i,-0.0015958+0.0010904i,0.0011171-0.0014487i,-0.0010091-0.0022146i,-0.0066083-0.0017288i,-0.010605-0.00011784i
0.37729-0.083958i,0.33731-0.10896i,0.25478-0.072287i,0.22661+0.023403i,0.20114+0.068645i,0.13394+0.034851i,0.056907+0.019451i,0.024188+0.045644i,0.033564+0.046899i,0.038186+0.01924i,0.026848+0.0057085i,0.021526+0.0095143i,0.026704+0.0095602i,0.027092+0.0039783i,0.017843+0.0022315i,0.0072045+0.0023874i,0.0016907+0.00054048i,0.00082798-0.0014172i,0.0012867+5.8134e-05i,0.0024305+0.0019617i,0.003942-0.0013667i,0.0042882-0.0067899i,0.002123-0.0067518i
-0.14568+0.36912i,-0.080323+0.26368i,0.023102+0.066913i,0.09685-0.058019i,0.15056-0.067525i,0.15765-0.023015i,0.11921+0.0015628i,0.083038-0.0091864i,0.049936-0.022775i,0.0164-0.018003i,-0.0027493-0.0073625i,-0.0056172-0.0041932i,0.0010312-0.0047455i,0.011312-0.0045984i,0.014823-0.0029906i,0.011794-0.00026471i,0.0083832+0.0003413i,0.0039677-0.00067301i,-0.00012079-0.00035212i,-0.0023083-8.0079e-05i,-0.0023542+0.00073951i,0.001472+0.0039255i,0.007551+0.004618i
-0.2758-0.33684i,-0.26717-0.19561i,-0.26256-0.015975i,-0.30751+0.020875i,-0.32599-0.0098273i,-0.24782-0.016211i,-0.13104-0.028965i,-0.078464-0.045286i,-0.06714-0.029589i,-0.042689-0.0034345i,-0.017906-0.00032709i,-0.013133-0.0082969i,-0.019846-0.0046393i,-0.02591+0.0045994i,-0.023801+0.0054134i,-0.015978+0.0011781i,-0.01008+0.00077361i,-0.0066649+0.0019762i,-0.0040932-0.0010015i,-0.0016291-0.0043248i,-0.0010576-0.0038997i,-0.0041522-0.0023316i,-0.008122-0.00031315i
0.49773-0.040584i,0.39417-0.040883i,0.25297+0.0025863i,0.22779+0.075035i,0.20771+0.080204i,0.11822+0.021396i,0.028726+0.005309i,0.0056445+0.0341i,0.025276+0.041997i,0.033624+0.018792i,0.022369+0.003886i,0.014832+0.010164i,0.014003+0.017682i,0.013182+0.016739i,0.011845+0.012168i,0.0079867+0.0066155i,0.0030526+0.0012895i,0.00096174+2.9296e-05i,0.0015344+0.0020553i,0.0024822+0.0028602i,0.0051941-0.0002083i,0.0061401-0.0059405i,0.001576-0.0089046i
-0.23982+0.44092i,-0.13851+0.26799i,0.019162-0.0053598i,0.12711-0.1423i,0.19457-0.14008i,0.20007-0.092583i,0.1448-0.050883i,0.094786-0.027235i,0.057949-0.02488i,0.01905-0.02372i,-0.0024931-0.01386i,-0.0054382-0.0069382i,-3.3676e-05-0.0063315i,0.011213-0.0083702i,0.018803-0.0082714i,0.019242-0.0061668i,0.015994-0.0056306i,0.01102-0.0042707i,0.0047698-0.001214i,0.0001779+0.0025715i,-0.00024946+0.0062048i,0.0031476+0.0077907i,0.009127+0.0053385i
-0.3056-0.44978i,-0.29248-0.28037i,-0.26851-0.033553i,-0.3226+0.074775i,-0.34376+0.11509i,-0.23429+0.13489i,-0.096303+0.087201i,-0.049454+0.015391i,-0.054352-0.0037113i,-0.037721+0.0099191i,-0.013704+0.0096274i,-0.0095404-0.0026998i,-0.019604-0.0096474i,-0.029789-0.0069293i,-0.030242-0.0025804i,-0.02332+0.00040082i,-0.016187+0.0040521i,-0.011028+0.0051805i,-0.0063717+0.00046046i,-0.0027448-0.0035269i,-0.0027427-0.0011446i,-0.0046593+0.0030221i,-0.0041838+0.004242i
0.59704-0.015663i,0.48279+0.011121i,0.26669+0.10364i,0.19032+0.18571i,0.16195+0.16496i,0.07306+0.1044i,0.0050976+0.085266i,0.0015+0.086468i,0.025264+0.06301i,0.035812+0.027485i,0.029756+0.010681i,0.026798+0.0079806i,0.024203+0.0057289i,0.013042+0.0047159i,0.0019466+0.0067717i,-0.0033471+0.0080163i,-0.0055147+0.0073661i,-0.0051997+0.0053273i,-0.0025511+0.0034906i,-3.6851e-05+0.001044i,0.0036786-0.0043464i,0.003849-0.0087799i,-0.000731-0.0062783i
-0.26837+0.52476i,-0.17978+0.3389i,-0.017738-0.026969i,0.09394-0.243i,0.13948-0.25366i,0.13142-0.19002i,0.084356-0.10764i,0.057502-0.051708i,0.035415-0.038046i,0.0025496-0.027878i,-0.0085213-0.011377i,0.0022257-0.0014832i,0.01704-0.0014582i,0.027246-0.0043991i,0.024299-0.0028603i,0.01758-0.00034226i,0.017005-0.003489i,0.015304-0.0071835i,0.0097946-0.0036509i,0.0045136+0.0028002i,0.0023236+0.0060786i,0.0032041+0.0048621i,0.0043892+0.0017755i
-0.40265-0.52631i,-0.37917-0.40489i,-0.30295-0.15652i,-0.32447+0.018063i,-0.33479+0.10792i,-0.21931+0.1332i,-0.097318+0.06031i,-0.081842-0.0078819i,-0.086661+0.00050839i,-0.050749+0.021419i,-0.024333+0.018499i,-0.025168+0.012582i,-0.027306+0.012626i,-0.023778+0.011815i,-0.02067+0.0072416i,-0.017012+0.0037222i,-0.011428+0.0035255i,-0.0073923+0.003894i,-0.0049851+0.00084277i,-0.0028742-0.00093591i,-0.0039891+0.0026193i,-0.0051782+0.0052823i,-0.0045448+0.0033455i
0.6934-0.07521i,0.5777-0.003651i,0.33035+0.15846i,0.21548+0.23901i,0.16488+0.19336i,0.063445+0.11411i,-0.0089106+0.076137i,-0.01044+0.05896i,0.0092002+0.03787i,0.016548+0.018422i,0.008082+0.0078914i,-0.0030358+0.007912i,-0.0097739+0.013154i,-0.012852+0.014758i,-0.010648+0.0080258i,-0.0085177+0.0013165i,-0.011127+0.0035407i,-0.011422+0.0067014i,-0.0068601+0.0062599i,-0.0016587+0.0037573i,0.0030522-0.0016921i,0.0049492-0.0058039i,0.003035-0.0049714i
-0.21992+0.64732i,-0.10735+0.46287i,0.013851+0.050419i,0.079148-0.23745i,0.082333-0.33336i,0.041838-0.29323i,0.020734-0.18082i,0.039784-0.1096i,0.032548-0.090036i,0.0012602-0.061845i,-0.003306-0.038297i,0.0080667-0.033703i,0.01324-0.028823i,0.015376-0.021499i,0.015932-0.015778i,0.013911-0.012484i,0.011452-0.012389i,0.0093203-0.0093234i,0.0056806-0.0012388i,0.0014323+0.0061496i,0.00034214+0.010371i,0.0026955+0.010155i,0.0045053+0.0045448i
-0.51162-0.52875i,-0.52621-0.40801i,-0.37891-0.22289i,-0.30582-0.073176i,-0.26623+0.066266i,-0.13386+0.10134i,-0.025875+0.022659i,-0.017968-0.026917i,-0.023667-0.017584i,-0.0088413-0.0073145i,0.0014558-0.002856i,-0.0001653-0.0027521i,-0.0065332-0.0098546i,-0.0093056-0.013352i,-0.009672-0.0094464i,-0.0082428-0.0042456i,-0.0051334-0.0020505i,-0.0036311-0.0021457i,-0.0053475-0.0042101i,-0.0093496-0.0047626i,-0.01208+5.8057e-05i,-0.0106+0.0052622i,-0.0066814+0.004251i
0.68475-0.1632i,0.56627-0.1574i,0.32612+0.079172i,0.23645+0.25756i,0.23317+0.21148i,0.16531+0.12957i,0.09659+0.11048i,0.079746+0.096632i,0.072815+0.059765i,0.048534+0.024914i,0.019636+0.011715i,0.0039257+0.0084828i,-0.0036595+0.0049338i,-0.0081952+0.0039557i,-0.0062176+0.0015376i,-0.0031491-0.00067294i,-0.0052513+0.00079377i,-0.0090103+0.0016817i,-0.0071041-0.00095496i,-0.0026313-0.0084396i,-0.0018115-0.016177i,-0.0037102-0.016177i,-0.0028675-0.0085961i
-0.10084+0.65042i,0.085886+0.55961i,0.1596+0.19175i,0.11226-0.13424i,0.040724-0.25629i,-0.016022-0.21568i,-0.015725-0.091205i,0.021457-0.018544i,0.02294-0.010532i,0.0046901-0.0039469i,0.0097959-0.0040288i,0.023857-0.011284i,0.02983-0.011625i,0.029649-0.0068566i,0.024524-0.0021951i,0.019784-0.0019749i,0.017171-0.0060828i,0.016359-0.0092661i,0.014559-0.0054673i,0.010836+0.00017348i,0.0090243-0.00065708i,0.0066221-0.003867i,0.0030684-0.0037816i
-0.52162-0.38924i,-0.60483-0.28225i,-0.46332-0.18361i,-0.32557-0.08081i,-0.24585+0.055834i,-0.13097+0.096943i,-0.076702+0.031146i,-0.090271+0.01385i,-0.068099+0.035756i,-0.028047+0.028868i,-0.0087835+0.024176i,0.0035306+0.030834i,0.015655+0.02495i,0.020099+0.013089i,0.014551+0.0091999i,0.0080887+0.0094395i,0.0074224+0.0062053i,0.0077493+0.0044312i,0.0051484+0.0044963i,0.0023394+0.0034477i,0.00058618+0.0042646i,-0.00028887+0.0044954i,-0.0023068+0.0030579i
0.48492-0.23788i,0.34041-0.29431i,0.16179-0.069427i,0.14367+0.14079i,0.20971+0.13479i,0.18024+0.067643i,0.086486+0.049868i,0.026127+0.050464i,0.013482+0.042985i,0.0066358+0.023573i,-0.016617+0.02024i,-0.029655+0.032853i,-0.025139+0.036643i,-0.017813+0.029061i,-0.01218+0.015855i,-0.0098707+0.0082111i,-0.010612+0.010664i,-0.01041+0.013209i,-0.0067396+0.011255i,-0.0010838+0.0053704i,0.0025324-0.0020046i,0.0033217-0.005352i,0.0044481-0.0039213i
0.052517+0.49404i,0.30177+0.42668i,0.32174+0.18644i,0.17106-0.043575i,0.024441-0.1529i,-0.034766-0.13458i,-0.0045313-0.077324i,0.015681-0.069355i,-0.018713-0.060724i,-0.02756-0.022403i,-0.005943-0.019395i,-0.0048588-0.034335i,-0.015459-0.024797i,-0.019091-0.007619i,-0.013538+0.0018267i,-0.0057202+0.0035099i,-0.0024602+0.0010225i,-0.0024033-0.0017192i,-0.0031978+0.00040987i,-0.0010161+0.0060508i,0.0041112+0.0075015i,0.0068769+0.0040259i,0.0057145-8.1679e-05i
-0.38768-0.19053i,-0.45092-0.015655i,-0.33425-0.018257i,-0.22515-0.052681i,-0.14985+0.046508i,-0.06007+0.086187i,-0.031982+0.0003679i,-0.054884-0.054405i,-0.051783-0.044175i,-0.026259-0.02772i,-0.0054903-0.018919i,0.0017756-0.019144i,-0.00024826-0.024572i,-0.0025143-0.02331i,-0.0055118-0.010949i,-0.005758+0.001883i,-0.0026481+0.0031698i,-0.00031453-0.00019596i,-0.00094848-0.0014436i,-0.003819-0.00032486i,-0.0037675+0.0054776i,-0.00173+0.0097106i,-0.0018119+0.0083696i
0.20521-0.18941i,-0.040234-0.33294i,-0.14763-0.17921i,-0.0090691+0.02065i,0.13923+0.028844i,0.15546-0.02096i,0.10758-0.017858i,0.079337-0.0027659i,0.065124-0.01727i,0.024693-0.03218i,-0.01568-0.014663i,-0.021712+0.0060845i,-0.011072+0.0058756i,-0.0038212-0.0015337i,-0.0041827-0.0052362i,-0.0080079-0.0032279i,-0.0092014+0.0010695i,-0.0087991+0.0032312i,-0.0062721+0.0025283i,-0.0041045-0.00060962i,-0.0058552-0.0034667i,-0.0072596-0.0035607i,-0.005228-0.0015616i
0.079004+0.20779i,0.40339+0.14791i,0.43526+0.055963i,0.23067-0.0049505i,0.044747-0.036646i,-0.03261-0.012759i,0.019301+0.030364i,0.079783+0.012271i,0.060899-0.0088526i,0.040911+0.00069995i,0.041018-0.0090633i,0.028314-0.022946i,0.011653-0.015049i,0.0026641-0.0024458i,0.0022938-0.0034463i,0.0040093-0.010539i,0.0024797-0.010937i,0.00086066-0.0094469i,0.0010448-0.0086195i,0.00070371-0.0061962i,-1.5842e-05-0.0039826i,0.0011927-0.0048354i,0.0029849-0.0077987i
-0.0577-0.035236i,-0.09223+0.1961i,-0.031266+0.19026i,-0.0087175+0.091962i,-0.038152+0.1331i,-0.021958+0.1649i,-0.017991+0.10695i,-0.028585+0.073188i,-0.0047653+0.058384i,0.021136+0.031087i,0.030144+0.015592i,0.032951+0.0074926i,0.029716-0.001818i,0.02141-0.007307i,0.011506-0.0076413i,0.0045882-0.0067241i,0.003711-0.0053973i,0.0077125-0.002857i,0.010069-0.0018101i,0.0071753-0.0021987i,0.0047361-0.00086008i,0.0061739+0.0023002i,0.0058308+0.0055815i
-0.086398+0.022907i,-0.3574-0.14102i,-0.42853-0.10653i,-0.25134-0.0050256i,-0.061361-0.02655i,-0.009214-0.062094i,-0.032282-0.0093185i,-0.023356+0.046438i,-0.0022367+0.033861i,-0.028664+0.008455i,-0.051665+0.02286i,-0.032259+0.036448i,-0.0075795+0.025053i,0.0016235+0.013067i,-0.00029937+0.010575i,-0.0062778+0.012798i,-0.0076304+0.013713i,-0.0044092+0.013893i,-0.0019954+0.013597i,9.7626e-05+0.008878i,-0.00018562+0.0014012i,-0.0036581-0.0012993i,-0.0049074+0.0016464i
-0.016568-0.14302i,0.22544-0.18529i,0.23757-0.11792i,0.074399-0.011157i,-0.059761+0.028815i,-0.092106+0.035567i,-0.037603+0.028669i,-0.0061042-0.0025238i,-0.016229-0.00059649i,0.0030352+0.011408i,0.016492-0.011337i,-0.00025077-0.023208i,-0.01422-0.0081262i,-0.016359+0.0058194i,-0.006356+0.0093628i,0.0050399+0.0056718i,0.0042116+0.0027729i,-0.0030133+0.0019299i,-0.0081772+0.000241i,-0.0078179+0.00052012i,-0.0038195+0.0014968i,0.00047739-0.00074205i,0.0028068-0.0054232i
0.30218+0.070707i,0.32919+0.26274i,0.30229+0.2214i,0.18467+0.076096i,0.08938+0.042774i,0.07902+0.035508i,0.048821-0.018061i,-0.0077691-0.028653i,-0.011701+0.0020406i,0.028295+0.0097287i,0.051083-0.0069497i,0.035829-0.018085i,0.0095256-0.016377i,-0.0039547-0.014674i,-0.0047854-0.013328i,-0.00038048-0.011819i,0.00099476-0.0095811i,6.5897e-05-0.0058435i,0.00082912-0.0051157i,0.0030656-0.004222i,0.0066146-1.6065e-05i,0.01028+0.0042575i,0.0092678+0.00582i
-0.2914+0.24518i,-0.51575+0.10021i,-0.54123-0.0077814i,-0.36497-0.09128i,-0.17383-0.17602i,-0.081921-0.18456i,-0.059015-0.10755i,-0.03672-0.039308i,-0.03067-0.021835i,-0.057699-0.0010992i,-0.061393+0.035431i,-0.027807+0.043286i,0.0043555+0.020859i,0.014397+0.0013621i,0.003885-0.00063029i,-0.0073503+0.0060863i,-0.0081594+0.0059619i,-0.005071+0.0027528i,-0.00063727+0.00411i,0.0032307+0.0039574i,0.00064023+0.0014933i,-0.0064458+0.0034208i,-0.010264+0.0087247i
-0.14555-0.40693i,-0.035732-0.44068i,-0.027789-0.31853i,-0.059245-0.13712i,-0.066785-0.0063553i,-0.061737+0.066371i,-0.015293+0.070141i,0.021145+0.016441i,0.009777-0.015537i,-0.0036954-0.01667i,-0.010244-0.021637i,-0.013702-0.018678i,-0.0055587-0.0049796i,0.0049522+0.0010631i,0.0093408-0.001283i,0.0092051-0.003771i,0.0054091-0.0062601i,-0.00056376-0.009235i,-0.0057619-0.0095145i,-0.0075821-0.004748i,-0.0081542+0.00040185i,-0.0088985-0.0013766i,-0.0085448-0.00811i
0.5361+0.1017i,0.5937+0.20184i,0.57244+0.13399i,0.4675+0.0061351i,0.32984-0.022663i,0.2139-0.01204i,0.11581-0.018881i,0.057019-0.01461i,0.047485-0.010025i,0.058413-0.018081i,0.060473-0.025249i,0.040971-0.022737i,0.011069-0.01107i,-0.0042828-0.0025179i,-0.0043022-0.0067721i,-0.002918-0.013834i,-0.00028787-0.011881i,0.0051483-0.0067961i,0.0078565-0.0040991i,0.0063439-0.0017594i,0.0054641+0.00010038i,0.0085048+0.00076986i,0.012666-0.00082855i
-0.37309+0.38183i,-0.42714+0.2611i,-0.31807+0.094129i,-0.16472-0.036447i,-0.087621-0.11499i,-0.065373-0.12658i,-0.051581-0.076421i,-0.040476-0.022839i,-0.042584+0.0018385i,-0.058607+0.029781i,-0.052766+0.06332i,-0.022086+0.065221i,-0.0014012+0.04155i,0.00045877+0.026525i,-0.0052042+0.025898i,-0.007893+0.02535i,-0.0058281+0.019387i,-0.00063889+0.01464i,0.0040131+0.014853i,0.0047773+0.011838i,0.001811+0.0041046i,-0.0018492+0.0016443i,-0.0015446+0.0074347i
-0.18923-0.55851i,-0.1634-0.50535i,-0.14691-0.25557i,-0.086253+0.031387i,-0.0088067+0.19268i,0.019415+0.19858i,0.019852+0.12452i,0.0081604+0.0481i,-0.011252+0.0059774i,-0.027642-0.015766i,-0.046482-0.028742i,-0.051492-0.027086i,-0.031439-0.016604i,-0.0095598-0.0075099i,0.0057571-0.00061073i,0.016149+0.0036871i,0.016859+0.0022368i,0.0074506+0.00010382i,-0.002799+0.00055541i,-0.0067548-5.063e-05i,-0.0077073-0.0026872i,-0.0094985-0.0058956i,-0.012102-0.0065022i
0.63805+0.1838i,0.64563+0.24765i,0.55153+0.24418i,0.41942+0.19152i,0.2811+0.10194i,0.16999+0.0137i,0.10008-0.028292i,0.072566-0.036353i,0.073715-0.044932i,0.078529-0.062652i,0.06758-0.076187i,0.035564-0.070472i,0.00030034-0.048488i,-0.014153-0.031854i,-0.010447-0.027977i,-0.0062567-0.02407i,-0.00442-0.010458i,3.9663e-05+7.3372e-05i,-0.00029349-0.0029831i,-0.005011-0.0074925i,-0.002605-0.0042543i,0.0044281-0.0013422i,0.0070564-0.0043267i
-0.4614+0.4317i,-0.40626+0.36908i,-0.27438+0.23513i,-0.23666+0.101i,-0.25026-0.012804i,-0.18867-0.074807i,-0.086144-0.075493i,-0.019332-0.040437i,0.0037105-0.00079805i,0.0082976+0.034818i,0.024129+0.060615i,0.04308+0.058312i,0.040345+0.033172i,0.019496+0.015185i,-0.003442+0.014746i,-0.017218+0.019993i,-0.019404+0.021059i,-0.01403+0.016787i,-0.0050307+0.010971i,0.0026695+0.007349i,0.0066441+0.0066338i,0.0074969+0.008584i,0.0074301+0.011505i
-0.15217-0.65641i,-0.24707-0.55656i,-0.35857-0.28019i,-0.34461-0.010195i,-0.16704+0.14467i,-0.0038436+0.17312i,0.039491+0.13496i,0.025659+0.094823i,0.0066872+0.064925i,-0.017156+0.033219i,-0.038048+0.011967i,-0.032257+0.0099298i,-0.0014302+0.010044i,0.018726+0.003974i,0.018212+0.001541i,0.014496+0.00089401i,0.0072831-0.0061825i,-0.0041462-0.0089554i,-0.0055503-0.0027365i,0.0022106+7.8219e-05i,0.0035112-0.0012409i,-0.0028995-0.0022106i,-0.0090041-0.0034535i
0.61495+0.29917i,0.50852+0.24639i,0.27368+0.12062i,0.10746+0.0027838i,0.04684-0.050077i,0.030727-0.01842i,0.032052+0.045445i,0.035863+0.05394i,0.028755+0.012754i,0.018807-0.024422i,0.0079518-0.043573i,-0.011031-0.044017i,-0.023879-0.023366i,-0.015652-0.0054615i,-0.00027611-0.009797i,0.0027134-0.019625i,-0.0012419-0.018776i,-0.0019627-0.014669i,-0.0029523-0.012346i,-0.0045023-0.008989i,-0.0029892-0.0084511i,-0.00062616-0.011808i,-0.00063535-0.014202i
-0.57487+0.36686i,-0.41249+0.29211i,-0.18258+0.050834i,-0.13622-0.167i,-0.21167-0.19296i,-0.21493-0.10437i,-0.14446-0.052022i,-0.08831-0.025975i,-0.049935+0.011291i,-0.0069557+0.041548i,0.025909+0.052505i,0.036702+0.046474i,0.023139+0.029575i,0.0013472+0.018568i,-0.0097231+0.019022i,-0.013562+0.020419i,-0.011333+0.019597i,-0.0028249+0.014763i,0.0035318+0.0083221i,0.0054213+0.0061102i,0.005713+0.0076301i,0.0091842+0.010392i,0.013955+0.010023i
0.008137-0.7406i,-0.072051-0.69112i,-0.088175-0.49673i,0.0027553-0.30881i,0.12187-0.17107i,0.15003-0.099775i,0.07116-0.074293i,-0.015528-0.033816i,-0.033726+0.0090215i,-0.021246+0.011325i,-0.023052+0.0019812i,-0.020762+0.0033881i,-0.0037789-0.0024451i,0.0032542-0.014934i,-0.000782-0.016361i,0.0044201-0.0088785i,0.011209-0.0056733i,0.0075143-0.0023664i,0.0034233+0.0047039i,0.0035508+0.0080737i,0.0027219+0.0087941i,0.0017442+0.01032i,0.0012803+0.0097579i
0.5712+0.39338i,0.53182+0.25065i,0.37568+0.096445i,0.28221+0.016783i,0.2217-0.037725i,0.13631-0.059322i,0.082995-0.039863i,0.051528-0.04896i,-0.00040997-0.064726i,-0.027938-0.047478i,-0.028235-0.040914i,-0.04014-0.043981i,-0.045605-0.028974i,-0.027787-0.013211i,-0.0051765-0.011044i,0.0078559-0.014775i,0.010476-0.014355i,0.0054755-0.011408i,-0.0032288-0.0084778i,-0.009621-0.0040382i,-0.0083502-0.0030439i,-0.0050468-0.0044464i,-0.0062869-0.0031632i
-0.6148+0.28364i,-0.35293+0.38174i,0.026986+0.31775i,0.16508+0.17034i,0.046892+0.096272i,-0.050964+0.098813i,-0.022291+0.061678i,0.017085-0.011104i,0.013531-0.034926i,0.013816-0.0063161i,0.033175+0.013396i,0.040205+0.0050247i,0.02321-0.00079028i,0.0081084+0.012094i,0.004462+0.025008i,-0.00060974+0.02808i,-0.0052158+0.026225i,-0.0012599+0.017709i,0.0025616+0.0051003i,-0.00099136-0.00037386i,-0.0037635+0.0023962i,-0.0011762+0.0054426i,0.0025434+0.0028121i
0.18014-0.63965i,0.046469-0.48391i,0.023324-0.16313i,0.13134+0.028136i,0.21458+0.0082897i,0.16338-0.06942i,0.051123-0.057353i,0.014133+0.0086346i,0.036492+0.018416i,0.026398-0.0091734i,0.012151-0.0057764i,0.029981+0.0072308i,0.043775+0.0011913i,0.031705-0.010431i,0.0090908-0.013023i,-0.0044062-0.0043409i,-0.0062111+0.0053491i,-0.0041684+0.0092425i,0.00011574+0.0069268i,0.0026871-0.00086902i,0.00036614-0.0038364i,-0.002955+0.00030916i,-0.00237+0.0022558i
0.39028+0.46977i,0.28277+0.27256i,-0.010128+0.18508i,-0.15034+0.27016i,-0.076121+0.26025i,-0.0055064+0.12638i,0.0034821+0.05766i,0.0070102+0.044039i,-0.0062953+0.019843i,-0.028795+0.0096353i,-0.038659+0.012004i,-0.037785+0.012458i,-0.025216+0.0094777i,-0.0093451+0.0039742i,-0.0016125-0.0028413i,-0.00047895-0.0094394i,-0.0038161-0.012515i,-0.0097899-0.010923i,-0.011114-0.0060319i,-0.0039251-0.0054422i,0.00049349-0.01067i,-0.0029794-0.01251i,-0.0064256-0.0049445i
-0.62878+0.047866i,-0.46273+0.20902i,-0.27008+0.21926i,-0.23592+0.196i,-0.20529+0.25897i,-0.077667+0.29141i,0.030403+0.19546i,0.04628+0.072586i,0.027478+0.02019i,0.020424+0.011214i,0.013755+0.0040819i,0.0034041-0.0036768i,-0.0025874-0.0013182i,-0.0035858+0.009858i,-0.00087781+0.016248i,-0.0012734+0.013072i,-0.0039075+0.0064015i,-0.0022787+0.00083422i,0.0010274+0.0018709i,0.0053674+0.0081495i,0.010746+0.0097279i,0.013391+0.0051724i,0.0097558+0.00071512i
0.3465-0.43708i,0.14309-0.38479i,0.019681-0.2571i,-0.0080558-0.21997i,-0.024979-0.21088i,-0.01394-0.1609i,-0.0028438-0.099992i,0.0052413-0.042013i,0.032182-0.025791i,0.035484-0.04424i,0.022653-0.039065i,0.023366-0.017075i,0.018748-0.0096348i,0.0023608-0.017206i,-0.011498-0.022222i,-0.01261-0.014954i,-0.0042537-0.0023459i,0.0035555+0.0073871i,0.0055667+0.007578i,-0.00151+0.0061703i,-0.0069338+0.010863i,-0.0019599+0.013456i,0.0023776+0.0068699i
0.13041+0.43763i,0.14127+0.14552i,-0.059597-0.09994i,-0.23209-0.096602i,-0.22251-0.023646i,-0.13828-0.026811i,-0.076458-0.051841i,-0.050821-0.048392i,-0.040195-0.012768i,-0.021051+0.016721i,-0.013942+0.022041i,-0.01875+0.023136i,-0.012602+0.018675i,-0.0023792+0.0064416i,0.0038011-0.0030371i,0.0068714-0.0071664i,0.0030212-0.0084771i,-0.0039502-0.0073655i,-0.0067652-0.0056031i,-0.0054651-0.0077642i,-0.0052421-0.010866i,-0.0085142-0.009391i,-0.010055-0.0023541i
-0.45542-0.23587i,-0.33176-0.078679i,-0.13337-0.052816i,-0.064523-0.089439i,-0.050291-0.021487i,0.024244+0.075841i,0.078982+0.071682i,0.051014+0.030869i,0.011986+0.032924i,0.0097955+0.040262i,0.0098676+0.020799i,0.00040745-0.0020842i,0.00010907-0.0070868i,0.009341+0.0043148i,0.016629+0.014778i,0.012784+0.0125i,0.00082648+0.003309i,-0.0072877-0.0034187i,-0.0059485-0.00072205i,0.0023859+0.0054598i,0.008137+0.0050266i,0.0061226+0.0026642i,0.0037763+0.00031358i
0.45119-0.12079i,0.34878-0.1001i,0.34411-0.067853i,0.34356-0.20619i,0.18028-0.33446i,-0.002864-0.24024i,-0.038007-0.063183i,0.0058272+0.012093i,0.021858-0.0026168i,0.010325-0.018275i,0.01387-0.0096015i,0.025152-0.0021216i,0.015887-0.0014567i,-0.0020462-0.00069063i,-0.010189+0.00014801i,-0.0077876+0.0014169i,0.0012697+0.0048434i,0.0085841+0.0074499i,0.0069395+0.0038148i,-0.0038991+0.00091154i,-0.012204+0.0049508i,-0.0083823+0.0089808i,-4.6976e-06+0.0052178i
-0.096219+0.40822i,0.05929+0.26647i,0.063062+0.10309i,0.024779+0.057752i,0.001281+0.048512i,-0.066593+0.034892i,-0.10652+0.037487i,-0.075168+0.037715i,-0.032526+0.029928i,-0.013758+0.021608i,-0.015205+0.020471i,-0.017814+0.02626i,-0.014154+0.024367i,-0.012392+0.016539i,-0.0089404+0.011227i,-0.001787+0.008816i,0.0022175+0.005597i,0.0017233-3.3029e-05i,0.00084922-0.0052251i,0.00089601-0.010683i,-1.939e-06-0.014831i,-0.0025244-0.016029i,-0.0033546-0.010673i
-0.23977-0.41307i,-0.33141-0.22307i,-0.25863-0.049787i,-0.077355+0.041483i,0.092981+0.058439i,0.14675+0.01017i,0.089679-0.023465i,0.020606-0.0084542i,-0.0094084+0.015053i,-0.011579+0.012332i,-0.015202-0.013441i,-0.023272-0.028587i,-0.012096-0.025812i,0.0053686-0.02137i,0.0065156-0.015439i,-0.0031426-0.0078457i,-0.012715-0.0069038i,-0.017712-0.0062114i,-0.012912+0.0015364i,0.0033328+0.006703i,0.017881+0.0026116i,0.019578-0.0014912i,0.01261+0.0015289i
0.3259+0.14752i,0.21226+0.01552i,0.15852-0.00098721i,0.19245-0.0055936i,0.16697-0.073432i,0.093849-0.10446i,0.077513-0.084618i,0.066409-0.089405i,0.010557-0.087682i,-0.020146-0.046314i,-0.002892-0.015036i,0.012789-0.0049522i,0.013068-0.0017063i,0.005904-0.0074703i,-0.0033313-0.011663i,-0.0021705-0.0094777i,0.0049436-0.0034573i,0.010216+0.0070111i,0.010487+0.012352i,0.0026119+0.011266i,-0.0053332+0.01272i,-0.0076458+0.015067i,-0.0093346+0.013831i
-0.22289+0.19654i,0.062991+0.19205i,0.19377+0.10884i,0.13949+0.1332i,0.090365+0.23703i,0.09631+0.21865i,0.078607+0.10143i,0.044319+0.019839i,0.022984-0.0091133i,0.0075567-0.002976i,0.0038265+0.015147i,0.0033274+0.019883i,-0.003132+0.021183i,-0.0031494+0.021639i,0.0038987+0.017395i,0.01055+0.01343i,0.015201+0.011236i,0.016373+0.0052i,0.0083826-0.0029225i,-0.0034588-0.0033339i,-0.0083277-0.00065138i,-0.0094865-0.0042062i,-0.013237-0.012269i
0.16366-0.39093i,0.022678-0.225i,-0.036362-0.0073506i,-0.034681+0.11744i,-0.003521+0.099296i,0.011722+0.023457i,-0.019135+0.013433i,-0.026742+0.054746i,0.001723+0.051308i,0.0056448+0.0099268i,-0.0069382-0.016798i,-0.010631-0.034312i,-0.0097639-0.038565i,-0.0010592-0.023946i,0.0056237-0.013917i,-0.0018293-0.0091485i,-0.013228-0.0048963i,-0.020815-0.005395i,-0.020662-0.0052483i,-0.012161-0.0044339i,-0.0027658-0.0054283i,0.0047159-0.0061867i,0.010645-0.0080105i
0.0022467+0.38558i,-0.10795+0.22887i,-0.1981+0.22206i,-0.18654+0.24025i,-0.15007+0.1232i,-0.12284+0.018774i,-0.059725+0.0080482i,-0.0010236+0.0077853i,0.017229-0.0059288i,0.01892-0.011813i,0.020491-0.002309i,0.024903+0.00985i,0.019915+0.0064172i,0.0032191-0.0032199i,-0.0084538-0.0068008i,-0.012026-0.0062106i,-0.010847-0.00060622i,-0.0068734+0.008526i,0.00067184+0.010994i,0.0066147+0.0019344i,0.0045781-0.005228i,0.0011902-0.0023466i,0.0030221+0.0025297i
-0.32301-0.091393i,-0.15391+0.075345i,-0.12725+0.083314i,-0.21043+0.069179i,-0.1545+0.15728i,0.019639+0.19088i,0.092517+0.10918i,0.062648+0.038175i,0.04192+0.017087i,0.0328+0.010301i,0.021587+0.020853i,0.01908+0.036904i,0.014931+0.037587i,0.0058864+0.030534i,0.0010342+0.023548i,-0.00051516+0.018137i,0.0010746+0.012501i,0.0069681+0.0060481i,0.010442+0.002622i,0.010815+0.0047821i,0.010153+0.0046204i,0.0072851+0.00072586i,0.0062784-0.0017835i
0.54913-0.2187i,0.29941-0.25874i,0.014554-0.29647i,-0.19843-0.32517i,-0.26694-0.24914i,-0.18304-0.12129i,-0.082142-0.053216i,-0.048782-0.025218i,-0.040573-0.0017383i,-0.028634+0.0034191i,-0.025687-0.010838i,-0.028251-0.024719i,-0.017673-0.02108i,0.00034591-0.0088874i,0.0079919-0.0034563i,0.0058049-0.0052786i,0.001276-0.011318i,-0.0071993-0.015027i,-0.017172-0.0080631i,-0.018397+0.0051909i,-0.0096095+0.014743i,0.0022495+0.01754i,0.010424+0.016907i
-0.44868+0.39167i,-0.40292+0.09581i,-0.30931-0.14669i,-0.19677-0.22772i,-0.13101-0.21114i,-0.11761-0.13666i,-0.078589-0.068655i,-0.038141-0.054271i,-0.031768-0.039099i,-0.021248-0.011063i,-0.010468-0.0057255i,-0.0087151-0.0090376i,-0.0070843-0.011775i,-0.0080796-0.011925i,-0.0043378-0.0065796i,0.0039395-0.0077065i,0.0041888-0.0098013i,0.0018246-0.0047648i,0.0044565-0.0011748i,0.0066822-0.0039336i,0.0030745-0.0074207i,-0.0046222-0.0044176i,-0.011389+0.0042235i
-0.18527-0.48288i,-0.06709-0.23142i,0.1212-0.16074i,0.24914-0.19892i,0.26909-0.14365i,0.21846-0.048571i,0.13388-0.0052859i,0.067488+0.0031535i,0.037302+0.0017204i,0.017686-0.0021683i,0.0087852+0.0076234i,0.011103+0.020206i,0.0060639+0.018153i,-0.0030854+0.0087798i,-0.006778+0.0035906i,-0.0072713+0.0070815i,-0.0036341+0.013706i,0.0033192+0.01221i,0.0074834+0.0029905i,0.0082319-0.0049852i,0.006049-0.0089668i,-0.0012772-0.014i,-0.011167-0.018215i
0.92044+0.18683i,0.89101-0.015433i,0.76148-0.13177i,0.53009-0.17692i,0.2124-0.1635i,0.0056813-0.061046i,-0.010896+0.019686i,0.010406+0.021839i,-0.0060368+0.0086037i,-0.014235+0.009493i,-0.010019+0.0072285i,-0.0076539+0.0032379i,-0.0039225+0.0022211i,-0.00098189+0.0011166i,-0.0017892+0.0014856i,-0.0018473+0.0040136i,0.00055153+0.001876i,-0.0033086-0.0040616i,-0.01326-0.0029334i,-0.020096+0.0075291i,-0.017367+0.017386i,-0.0061197+0.018995i,0.0052785+0.011203i
-0.80707+0.26719i,-0.48859+0.25396i,-0.10597+0.29305i,0.12459+0.27635i,0.16809+0.12003i,0.082338+0.00025922i,0.01782-0.00064803i,0.022185+0.00040724i,0.022617-0.024573i,0.0049185-0.027015i,-0.0070143-0.017166i,-0.010989-0.010003i,-0.0084795-0.0053739i,-0.0059855-0.0014222i,-0.0038771+0.0032202i,0.00073899+0.0023289i,0.0013738-0.0013785i,0.0028022+0.00078557i,0.0084311+0.0029399i,0.0083452-0.0011426i,0.0024662-0.0044913i,0.00027755-0.0033827i,0.0021225-0.00046256i
0.053687-0.50389i,-0.25484+0.049512i,-0.35834+0.49627i,-0.15242+0.53654i,0.084378+0.31247i,0.1363+0.08822i,0.073558+0.014397i,0.04752+0.029873i,0.059985+0.025213i,0.049637-0.0024263i,0.03022-0.017598i,0.023893-0.01761i,0.025644-0.017567i,0.024476-0.024664i,0.012692-0.02778i,-0.0020858-0.015359i,-0.0094536+0.0049993i,-0.0032847+0.016717i,0.0079772+0.011636i,0.012953-0.0024471i,0.014725-0.013077i,0.013378-0.018534i,0.0085433-0.018705i
0.70196+0.64879i,0.49628+0.24987i,0.025486-0.004109i,-0.27776+0.05761i,-0.26884+0.18849i,-0.14896+0.18422i,-0.049051+0.10022i,-0.014893+0.040574i,-0.020979+0.037967i,0.00070127+0.049595i,0.026378+0.029415i,0.027365+0.0070487i,0.024652-0.0017359i,0.01826-0.0098601i,0.0091062-0.0081669i,0.0034138-0.0030966i,-1.8253e-05-0.0071497i,-0.0091813-0.01311i,-0.021443-0.0063768i,-0.019797+0.0088801i,-0.0070908+0.017981i,0.0046503+0.020865i,0.01203+0.018137i
-1.0999-0.37315i,-0.76373-0.53774i,-0.41598-0.66317i,-0.26613-0.53457i,-0.094361-0.27625i,0.067843-0.14798i,0.069375-0.11701i,0.019739-0.088549i,-0.0048884-0.075504i,-0.026862-0.053136i,-0.029864-0.020692i,-0.032051-0.0080068i,-0.042303+0.0068145i,-0.036216+0.027959i,-0.019592+0.031302i,-0.006758+0.016993i,-0.00092351-0.00040863i,0.00071036-0.0090905i,0.0013563-0.0096696i,-0.0005559-0.0078889i,-0.0057483-0.0037884i,-0.009063+0.0016508i,-0.0091981+0.0056336i
0.64298-0.50721i,0.35505-0.24346i,0.26853-0.096965i,0.27724-0.14225i,0.16766-0.11863i,0.085768-0.025387i,0.060219+0.020019i,0.043138+0.041966i,0.041188+0.033527i,0.018489+0.0039375i,-0.0026632+0.0019858i,-0.0034565+0.011136i,-0.0025777+0.019609i,0.0044273+0.020842i,0.0088049+0.0095548i,0.0053761+0.0072824i,0.0047654+0.018596i,0.010185+0.026397i,0.017193+0.017187i,0.016149+0.0021052i,0.0084583-0.004164i,0.0012992-0.0089522i,-0.0079252-0.01443i
0.51794+1.1354i,0.80662+0.79165i,0.75134+0.44961i,0.46579+0.30802i,0.15317+0.26011i,-0.019724+0.2538i,-0.016228+0.20576i,0.0010239+0.12417i,-0.0032785+0.10145i,0.024681+0.091051i,0.041858+0.056276i,0.048077+0.02964i,0.049905+0.0023118i,0.0333-0.017357i,0.016774-0.014664i,0.004738-0.0083579i,-0.006743-0.0052037i,-0.014769-0.0014827i,-0.017378+0.0025982i,-0.012151+0.0056688i,-0.0064449+0.0087103i,-0.0039019+0.015545i,0.003757+0.017851i
-1.101-0.7779i,-0.87869-0.39891i,-0.41687-0.015639i,-0.091954+0.085725i,0.069755-0.051595i,0.11056-0.1948i,0.062576-0.20802i,0.015506-0.15392i,-0.002905-0.11538i,-0.014743-0.085404i,-0.019639-0.052989i,-0.020311-0.036166i,-0.025955-0.031703i,-0.031105-0.019005i,-0.028885-0.0044842i,-0.026502-0.00082755i,-0.027821-0.0064804i,-0.024311-0.01132i,-0.015269-0.007282i,-0.0065977-0.0034397i,-0.0019659-0.006489i,1.0215e-05-0.0070538i,0.0062629+0.00095967i
0.73518-0.066412i,0.12226+0.074424i,-0.31803+0.29479i,-0.3401+0.3315i,-0.23434+0.21389i,-0.15+0.11353i,-0.071382+0.061852i,-0.021591+0.026329i,-0.016372-0.00013964i,-0.033005-0.0048131i,-0.039737+0.0049601i,-0.038266+0.013701i,-0.030104+0.02134i,-0.011966+0.019107i,-2.5537e-05+0.0095929i,0.0088889+0.0075031i,0.020038+0.010004i,0.024902+0.012349i,0.025415+0.012878i,0.021605+0.0098063i,0.014403+0.00614i,0.0074693-0.0015253i,-0.0024602-0.0076307i
-0.085542+0.95824i,0.20128+0.5834i,0.017331+0.14689i,-0.26296+0.093795i,-0.25294+0.22773i,-0.12642+0.27361i,-0.044465+0.23654i,-0.0089819+0.16948i,-0.0013241+0.12311i,0.012537+0.092424i,0.01994+0.055142i,0.023538+0.029091i,0.035+0.0097983i,0.034572-0.0082047i,0.026519-0.017161i,0.022939-0.022028i,0.019437-0.021993i,0.010934-0.014365i,-0.00048826-0.007186i,-0.0071416-0.0031765i,-0.0074386+0.0053346i,-0.0057198+0.015144i,-0.0052546+0.013963i
-0.61439-1.2392i,-0.73327-1.0066i,-0.49563-0.7323i,-0.22306-0.56813i,-0.069789-0.40775i,0.020475-0.25959i,0.046505-0.15095i,0.045069-0.081552i,0.040496-0.073633i,0.019085-0.079444i,0.0078459-0.067371i,0.0017749-0.055038i,-0.009514-0.037156i,-0.012611-0.021089i,-0.016238-0.014897i,-0.02736-0.0056391i,-0.036606-3.909e-05i,-0.041575-0.0037282i,-0.039787-0.0048617i,-0.026291-0.0017223i,-0.0098143-0.0051593i,0.00040222-0.010555i,0.004546-0.007967i
0.64916+0.28006i,0.42361-0.019494i,0.24945-0.19285i,0.14254-0.22602i,-0.0068357-0.12607i,-0.071202+0.0067763i,-0.039063+0.020501i,-0.034744-0.015669i,-0.047999-0.010873i,-0.041594+0.0051085i,-0.026569+0.012644i,-0.015095+0.01617i,-0.010922+0.021473i,-0.0084686+0.027204i,-0.0094743+0.031071i,-0.0078992+0.034938i,0.0017777+0.030303i,0.0080275+0.017606i,0.0085888+0.01251i,0.0099426+0.014958i,0.012277+0.0095921i,0.010707-0.0040288i,0.0010418-0.011273i
-0.042521+0.41799i,0.62553+0.34248i,0.76841+0.086724i,0.46733+0.0044295i,0.25499+0.062165i,0.2176+0.082552i,0.18148+0.054528i,0.094702+0.020195i,0.023246+0.030297i,0.019589+0.057559i,0.036248+0.051208i,0.043053+0.0353i,0.043156+0.022415i,0.030534+0.01216i,0.020398+0.0050605i,0.016017-0.0074371i,0.014407-0.0091988i,0.020937-0.0026174i,0.022475-0.0046371i,0.0090552-0.0051439i,-0.0073768+0.0051137i,-0.012382+0.019461i,-0.0052346+0.022297i
0.2363-0.59033i,-0.064771-0.2196i,-0.046568+0.19809i,0.11272+0.2332i,0.089706+0.014898i,-0.028253-0.076211i,-0.035949-0.018457i,0.037103-0.00065892i,0.06248-0.05362i,0.030462-0.077145i,0.010925-0.050751i,0.0098916-0.035447i,0.00038867-0.040721i,-0.0067699-0.038708i,-0.0039549-0.030441i,-0.0067183-0.021736i,-0.017242-0.01355i,-0.022276-0.0055919i,-0.018166+0.00041667i,-0.012166+0.00036609i,-0.010044-0.0034268i,-0.0081413-0.0064503i,-0.0035148-0.0074428i
-0.27035+0.80536i,-0.38556+0.70442i,-0.40208+0.61776i,-0.25908+0.41831i,-0.14976+0.14896i,-0.14555+0.017387i,-0.13112-0.0036663i,-0.09638-0.015528i,-0.074109-0.02431i,-0.063736-0.026833i,-0.059298-0.015827i,-0.042416-0.00096138i,-0.024577+0.0052706i,-0.019745+0.011877i,-0.01903+0.021425i,-0.013287+0.028192i,-0.0033647+0.021686i,-0.0026114+0.0077213i,-0.0082435+0.0029201i,-0.0059991+0.002996i,0.0012388-0.000528i,0.003396-0.0044619i,0.0015597-0.0063481i
-0.25495-0.32538i,-0.1125-0.21888i,-0.21197-0.32298i,-0.32784-0.29817i,-0.14301-0.13788i,0.072205-0.10562i,0.088924-0.093793i,0.059517-0.039174i,0.048537-0.013912i,0.029131-0.0020527i,0.01623+0.0082006i,0.0035636+0.02233i,-0.0015651+0.038231i,0.0010241+0.032615i,0.0017573+0.0099073i,0.0026516-0.011254i,0.00010143-0.016542i,0.0026678-0.012304i,0.0060543-0.015256i,-0.0016701-0.019067i,-0.009981-0.01339i,-0.0067589-0.0033794i,0.0005622+0.0030532i
0.57073-0.00079399i,0.2231-0.29506i,-0.0026148-0.47071i,-0.063579-0.39595i,-0.083552-0.17282i,-0.064848-0.014984i,-0.021402+0.026689i,0.029939+0.048654i,0.07498+0.054763i,0.080058+0.027831i,0.049225+0.01024i,0.020731+0.012612i,0.013319+0.0076377i,0.019584-0.010245i,0.024943-0.019914i,0.022924-0.014234i,0.018321-0.00063218i,0.014047+0.014365i,0.013482+0.022109i,0.018992+0.019718i,0.026852+0.0098943i,0.027492-0.0040185i,0.015065-0.01341i
-0.86207+0.29137i,-0.39619+0.28214i,0.22585+0.21149i,0.48364+0.047227i,0.3294-0.034438i,0.15854+0.039162i,0.10067+0.062219i,0.0305+0.015674i,-0.022888+0.0031319i,-0.021841+0.0044618i,-0.013319-0.0063074i,-0.014002-0.022066i,-0.012363-0.027585i,0.00017824-0.013527i,0.0080032+0.00070797i,0.0002444+0.0080682i,-0.0087454+0.015248i,-0.010454+0.019545i,-0.0080248+0.019689i,-0.0028915+0.016645i,0.0036357+0.016991i,0.0079326+0.021255i,0.010823+0.018466i
0.23412-0.84612i,0.13258-0.45352i,0.18408+0.011048i,0.26434+0.1309i,0.20708-0.020654i,0.079374-0.10865i,0.013922-0.056942i,0.0080681-0.010097i,-0.0071232-0.0070504i,-0.026053+0.00335i,-0.0086566+0.01263i,0.01633-0.0091225i,0.013709-0.028761i,-0.0017092-0.016934i,-0.0094172+0.00048455i,-0.013756+0.0013996i,-0.027066-0.010096i,-0.038237-0.019034i,-0.034952-0.018369i,-0.031815-0.015418i,-0.036914-0.012418i,-0.033741-0.0051336i,-0.016482-0.00033677i
0.67543+0.56956i,0.41228+0.28053i,-0.090324+0.25925i,-0.23002+0.42491i,-0.048018+0.40964i,0.05574+0.24979i,0.053131+0.11791i,0.018899+0.044834i,-0.011349+0.035529i,-0.0017175+0.034418i,0.0093243+0.015834i,0.017694+0.016371i,0.026934+0.011925i,0.0064925-0.0071376i,-0.021141-0.0049965i,-0.019624+0.014886i,0.0026905+0.02485i,0.017149+0.016335i,0.012727+0.005959i,0.011543+0.0039787i,0.021204-0.00080979i,0.020913-0.0093498i,0.0079358-0.0093164i
-0.5714-0.18382i,-0.42981-0.14323i,-0.41043-0.18765i,-0.40482-0.10412i,-0.2034+0.026652i,-0.0053216+0.033039i,0.030549+0.017429i,0.011799+0.017669i,-0.00304-0.0017094i,-0.0093583-0.017895i,-0.010337-0.026119i,-0.026788-0.014252i,-0.035936+0.010273i,-0.029348+0.011668i,-0.021084-0.0037005i,-0.014045-0.012027i,-0.0069755-0.0053336i,0.0024146+0.0048648i,0.0097953+0.0019132i,0.009351-0.0062706i,0.0027456-0.006268i,-0.0048098+0.0030204i,-0.0096427+0.012533i
0.18996-0.29654i,-0.060122-0.40152i,-0.087144-0.47925i,-0.095199-0.4867i,-0.14056-0.34736i,-0.050705-0.17294i,0.094257-0.09161i,0.14613-0.070691i,0.11709-0.06808i,0.071089-0.055459i,0.044527-0.031282i,0.024842-0.022024i,0.0067296-0.017414i,0.002811-0.0086692i,-0.0035915+0.0025728i,-0.015631+0.01102i,-0.022932+0.005262i,-0.027209+0.0023162i,-0.021049+0.012032i,-0.0093706+0.014217i,-0.0043032+0.0096729i,0.0032469+0.0077224i,0.016132+0.0044934i
0.037186+0.63229i,0.43912+0.55998i,0.58586+0.32359i,0.46514+0.12901i,0.32666+0.11763i,0.30607+0.12959i,0.28341+0.04001i,0.17671-0.039481i,0.066281-0.040691i,0.010548-0.0073834i,-0.0051964+0.018455i,0.0023868+0.032462i,0.029962+0.039246i,0.059783+0.032296i,0.063326+0.012101i,0.037791-0.0065907i,0.0048087-0.0091988i,-0.017484-0.003476i,-0.020994+0.0012707i,-0.0096279+0.0097894i,0.0071326+0.016387i,0.014737+0.011434i,0.01021+0.00029838i
0.38788-0.45785i,0.40275-0.27514i,0.27325-0.045896i,0.15837+0.10001i,0.1421+0.069033i,0.11622-0.047295i,0.050256-0.083854i,0.0045955-0.058767i,-0.025566-0.021994i,-0.031551+0.020314i,0.0030605+0.042442i,0.04075+0.019283i,0.033415-0.01006i,0.012274+0.0078843i,0.038098+0.039264i,0.076945+0.029066i,0.064122-0.0035795i,0.025996-0.015968i,0.0075853-0.008425i,0.002644-0.0040195i,-0.0009089-0.0034688i,-0.0039845+0.0050515i,-0.0039388+0.011715i
-0.35379+0.40881i,-0.58706+0.34239i,-0.53768+0.36559i,-0.307+0.42362i,-0.16389+0.40334i,-0.14525+0.37092i,-0.12195+0.30964i,-0.071333+0.16193i,-0.041398+0.029622i,-0.040604-0.014823i,-0.037839-0.0047971i,-0.018802+0.004394i,-0.0043813-0.020092i,-0.022939-0.058631i,-0.069008-0.067889i,-0.086785-0.026703i,-0.046731+0.022488i,0.0081462+0.03921i,0.031126+0.031145i,0.024581+0.016975i,0.011035+0.0045712i,0.0016519-0.0060544i,-0.0023315-0.0083332i
-0.44044-0.24991i,-0.34635-0.1914i,-0.26472-0.2041i,-0.30012-0.25045i,-0.34736-0.17135i,-0.31978-0.0013921i,-0.25422+0.14753i,-0.14999+0.20102i,-0.035686+0.13106i,0.002725+0.037517i,-0.0054403+0.006543i,-0.012849+0.0072428i,-0.010371+0.012222i,0.0097654+0.001663i,0.0077593-0.030891i,-0.029771-0.045574i,-0.053226-0.028698i,-0.039167-0.014876i,-0.014728-0.018826i,-0.0019382-0.0162i,0.0060404+0.0043428i,0.0077252+0.021609i,0.0013662+0.020792i
0.91901-0.2452i,0.95667-0.47237i,0.60912-0.55169i,0.17447-0.41657i,-0.025477-0.19424i,-0.010996-0.027455i,0.11017+0.011045i,0.19498-0.063454i,0.13439-0.087683i,0.08345-0.036493i,0.097417-0.031572i,0.082276-0.055969i,0.042513-0.036189i,0.0032312+0.019649i,-0.033215+0.084276i,-0.045936+0.12225i,-0.037246+0.097214i,-0.04158+0.047319i,-0.053796+0.030043i,-0.046317+0.032247i,-0.031737+0.024716i,-0.020485+0.015083i,-0.0050828+0.0063314i
0.051179+0.3604i,0.10817+0.36926i,0.08771+0.29252i,0.12751+0.14511i,0.27802-0.10573i,0.44089-0.35354i,0.48547-0.37729i,0.3884-0.21976i,0.24363-0.094161i,0.099361-0.023661i,0.01711+0.060789i,0.034048+0.10471i,0.068689+0.061776i,0.058217-0.014865i,0.023065-0.06951i,-0.012872-0.089693i,-0.041403-0.072793i,-0.049943-0.034044i,-0.038138-0.0099082i,-0.020713+0.0018495i,-0.0010483+0.010768i,0.011727+0.012278i,0.012388+0.012407i
-0.32563+0.57084i,-0.24966+0.80873i,0.027911+0.58548i,0.13011+0.27408i,0.10721+0.45215i,0.25664+0.89081i,0.37826+0.91916i,0.24635+0.55673i,0.07158+0.25392i,0.0073756+0.10001i,-0.032075+0.020908i,-0.065522+0.019745i,-0.058311+0.040228i,-0.012904+0.038287i,0.054701+0.016828i,0.099595-0.021509i,0.07822-0.047892i,0.022394-0.037529i,-0.0046307-0.011294i,-0.0069004+0.00047062i,-0.013093-0.00019728i,-0.015044-0.005639i,-0.009002-0.0098189i
-2.9285+8.3119i,-0.895+6.5823i,2.7499+5.4327i,4.8305+2.0934i,4.4628-1.0365i,2.4777-2.1984i,0.55348-1.1932i,-0.090292+0.31818i,0.47588+0.98418i,1.4068+0.46099i,1.6153-0.70441i,1.0985-1.535i,0.5809-1.5657i,0.51247-1.0176i,0.79838-0.63176i,0.68921-0.51062i,0.19637-0.27089i,-0.085755-0.092626i,-0.15839-0.13375i,-0.13848-0.13886i,-0.011382-0.13481i,0.077789-0.27985i,-0.0055858-0.40559i
0.3625-0.73882i,0.30935-0.75528i,0.16494-0.53033i,-0.000122-0.3408i,-0.073797-0.17706i,0.010839-0.038181i,0.10093-0.042961i,0.05807-0.074164i,-0.0046328-0.05098i,-0.01794-0.04265i,-0.040653-0.047307i,-0.063577-0.034144i,-0.068834-0.0038225i,-0.065649+0.045197i,-0.054588+0.098557i,-0.047719+0.12559i,-0.036972+0.11781i,-0.016325+0.086525i,-0.0022998+0.056088i,0.0039811+0.039458i,0.00012026+0.025063i,-0.016677+0.013236i,-0.030006+0.014784i
0.28545+0.087757i,0.42874-0.11066i,0.36305-0.22656i,0.30999-0.23973i,0.36937-0.37582i,0.35993-0.5577i,0.19734-0.54999i,0.01336-0.34972i,-0.040267-0.13007i,-0.022273-0.03044i,-0.031457+0.0052261i,-0.038412+0.037529i,-0.035222+0.039016i,-0.037721+0.024422i,-0.030236-0.0028489i,-0.023188-0.036067i,-0.021282-0.030938i,-0.0073627-0.0053449i,0.0049748-0.0014988i,-0.0011197-0.0061389i,-0.019111-0.0027346i,-0.0251+0.0037144i,-0.0098396+0.00058342i
-0.21981+0.26093i,-0.41605+0.57677i,-0.44878+0.57849i,-0.51722+0.36426i,-0.79112+0.24064i,-1.0251+0.28143i,-0.96484+0.34727i,-0.64377+0.34625i,-0.29417+0.27254i,-0.077997+0.17168i,0.028634+0.095107i,0.079602+0.029998i,0.061662-0.014188i,0.013286-0.019198i,-0.014424-0.027394i,-0.027163-0.043924i,-0.019936-0.039073i,0.004095-0.012905i,0.027919+0.0064178i,0.035765+0.0028516i,0.021898-0.001284i,0.0053186+0.0050401i,-0.0007274+0.015213i
-0.01961+0.64738i,-0.027789+0.65334i,0.0025641+0.52425i,0.042429+0.34142i,0.069445+0.20979i,0.11173+0.14605i,0.13304+0.076664i,0.094691+0.02431i,0.032352+0.0028731i,-0.021906-0.030064i,-0.063327-0.048289i,-0.081061-0.019526i,-0.064442+0.024008i,-0.02678+0.040506i,0.0010402+0.032316i,0.0032657+0.025744i,0.0022107+0.026751i,0.01401+0.014341i,0.017875-0.0099224i,0.009506-0.021094i,0.0093931-0.025517i,0.010591-0.033027i,0.0018362-0.029215i
-0.6077-0.59595i,-0.46032-0.55783i,-0.28145-0.5116i,-0.25903-0.52865i,-0.24294-0.6194i,-0.19887-0.74928i,-0.21136-0.74441i,-0.23738-0.51929i,-0.19697-0.24269i,-0.11459-0.070367i,-0.038819+0.011685i,0.024032+0.032598i,0.062758+0.0062278i,0.071096-0.016276i,0.055771-0.022109i,0.023708-0.020063i,-0.0026779-0.0050825i,-0.0084763+0.014908i,-0.0013021+0.020343i,0.0033301+0.0062967i,-0.0019023-0.0068822i,-0.0015801-0.0034183i,0.010143+0.0039851i
0.50132-0.23686i,0.24178-0.2724i,0.053577-0.17531i,-0.12908-0.18278i,-0.47448-0.20756i,-0.7101-0.091404i,-0.59937+0.062732i,-0.30919+0.12393i,-0.10412+0.096845i,-0.036887+0.078639i,0.0026759+0.072473i,0.027057+0.031698i,0.0094383+0.0083517i,0.0043485+0.0095628i,0.023238-0.022078i,0.029024-0.070004i,0.026612-0.08387i,0.027339-0.070029i,0.02409-0.050829i,0.013883-0.025515i,0.0028619-0.0070072i,-0.0069979-0.006872i,-0.012639-0.0076629i
-0.11066+0.42477i,0.26787+0.35223i,0.37956+0.15866i,0.30161+0.13026i,0.25992+0.24119i,0.2663+0.2856i,0.23948+0.21708i,0.14461+0.10896i,0.034513+0.049424i,-0.014534+0.033945i,-0.023212+0.013672i,-0.031731+0.0033125i,-0.027944+0.010673i,-0.018449+0.01852i,-0.010875+0.024475i,0.0062717+0.020349i,0.016986+0.0040912i,0.013379-0.005364i,0.0052624-0.0055592i,-0.0049439-0.0042085i,-0.0093333+0.0034855i,-0.0024342+0.010954i,0.0059134+0.0077243i
0.31282-0.31944i,0.064751-0.10353i,-0.12114+0.078854i,-0.19238+0.11931i,-0.16016+0.034956i,-0.066322-0.12784i,-0.044737-0.22434i,-0.072127-0.14777i,-0.024334-0.03384i,0.036564-0.01674i,0.03505-0.027428i,0.028206-0.01502i,0.029169-0.0091668i,0.017194-0.010687i,0.013095-0.011432i,0.02125-0.013444i,0.023889-0.011063i,0.018348-0.0040517i,0.017485-0.0011092i,0.016393-0.005042i,0.0041725-0.006571i,-0.0074784-0.0005578i,-0.012096+0.009719i
-0.19835+0.54382i,-0.141+0.33435i,-0.07741+0.24639i,0.039404+0.23908i,0.10335+0.11076i,0.0028176-0.026746i,-0.095014-0.023686i,-0.058847+0.02167i,-0.004265+0.012998i,-0.0081466+0.0067993i,-0.0088135+0.010989i,-0.0027904-0.0076958i,-0.021151-0.02565i,-0.037031-0.01907i,-0.029115+0.0035429i,-0.011244+0.020806i,0.0035575+0.022474i,0.010252+0.011406i,0.0028959-0.00023855i,-0.0048349-0.0011494i,0.0028958-0.0046234i,0.010068-0.021614i,0.0029713-0.032943i
-0.56132-0.52589i,-0.5471-0.25816i,-0.31037-0.10315i,-0.15924-0.064217i,-0.12437+0.024727i,-0.054172+0.11933i,0.04031+0.11121i,0.067322+0.035496i,0.033625-0.019786i,0.0018001-0.039814i,-0.023074-0.039122i,-0.039004-0.015079i,-0.022696+0.0059658i,0.0032833+0.0022042i,0.011756-0.010034i,0.009223-0.017471i,0.0023057-0.022307i,-0.010892-0.017574i,-0.01666-0.0011165i,-0.012023+0.0069027i,-0.018792+0.010525i,-0.025332+0.028835i,-0.01009+0.039575i
0.58131+0.44248i,0.50581+0.29244i,0.37477+0.085508i,0.29772-0.13804i,0.20677-0.25235i,0.089507-0.23329i,-0.019465-0.16537i,-0.069115-0.07083i,-0.03222+0.016165i,0.012518+0.05147i,0.024825+0.059449i,0.030025+0.055247i,0.021386+0.041489i,0.0088883+0.036028i,0.015506+0.034536i,0.031144+0.02058i,0.038686+0.0042589i,0.039588-0.0059238i,0.034473-0.011947i,0.021126-0.0098262i,0.011784-0.0080628i,0.0067375-0.018869i,-0.0029828-0.03047i
0.005213-0.26409i,0.30362-0.30101i,0.29919-0.30942i,0.10064-0.24452i,-0.019173-0.17565i,-0.06877-0.1512i,-0.089971-0.094606i,-0.058908-0.018762i,-0.023811-0.0027933i,-0.022098-0.025944i,-0.030399-0.03851i,-0.026682-0.025245i,-0.0031459-0.0062111i,0.015157-0.0048019i,0.010668-0.008169i,0.0034845+0.0025974i,0.010793+0.015659i,0.018258+0.01116i,0.01408-0.0025854i,0.0063872-0.0090137i,-0.0042456-0.0085147i,-0.012144-0.0025216i,-0.010792+0.0036551i
0.049584-0.26562i,-0.28169-0.29019i,-0.3507-0.1439i,-0.18609-0.011948i,-0.096996+0.022763i,-0.1041+0.087114i,-0.058332+0.12321i,-0.000775+0.057252i,0.0060579+0.006122i,0.023181+0.011094i,0.040291+0.0028474i,0.015934-0.01421i,-0.01635-0.0016679i,-0.027942+0.023302i,-0.024777+0.033506i,-0.015061+0.029117i,-0.0056036+0.018855i,-0.00061804+0.0073572i,-0.0022824-0.0036648i,-0.0054141-0.012295i,-0.0035999-0.017094i,-0.0022077-0.016712i,-0.0040361-0.0041284i
-0.45677+0.50122i,-0.32136+0.62116i,-0.075421+0.51065i,0.092907+0.29553i,0.15223+0.11348i,0.16561-0.017381i,0.11285-0.072938i,0.027205-0.035661i,-0.021164+0.015753i,-0.049423+0.03923i,-0.055799+0.062017i,-0.03444+0.073925i,-0.015502+0.057733i,-0.0051292+0.025892i,-0.00049984-0.0061919i,-0.0025624-0.020338i,-0.005954-0.01293i,-0.0050742-0.0011104i,-0.00057593+0.003268i,0.0048704+0.0011471i,0.013346-0.003334i,0.023506-0.0077739i,0.028233-0.013387i
0.25376-0.03442i,0.26819-0.024062i,0.16735-0.099328i,-0.0021867-0.15464i,-0.14247-0.12654i,-0.22329-0.073454i,-0.22478-0.040544i,-0.17262-0.03875i,-0.1214-0.045217i,-0.073142-0.041733i,-0.025188-0.041269i,0.00068253-0.044206i,0.0041525-0.040133i,-0.00050896-0.033842i,-0.008741-0.026608i,-0.014186-0.019229i,-0.011435-0.016247i,-0.0047887-0.013021i,0.0019898-0.008118i,0.0021468-0.0067711i,-0.0080091-0.0035658i,-0.018825+0.00758i,-0.022556+0.015996i
0.094935-0.12737i,0.15784-0.12878i,0.11221-0.055252i,0.028586+0.030091i,0.036202+0.091873i,0.080214+0.08254i,0.068396+0.032958i,0.051362+0.028686i,0.065491+0.050882i,0.056117+0.055456i,0.029252+0.050852i,0.024668+0.030494i,0.021791-0.0012628i,0.011913-0.013607i,0.013463-0.011423i,0.016968-0.014177i,0.0087625-0.012836i,0.0018441-0.0079466i,0.0029736-0.011091i,0.0064288-0.013453i,0.011005-0.011773i,0.012469-0.014644i,0.0065815-0.01627i
0.11122-0.24959i,0.016489-0.37194i,-0.084467-0.2913i,-0.092479-0.14548i,-0.036845-0.11259i,0.025431-0.13769i,0.058134-0.1207i,0.054953-0.079014i,0.03858-0.063451i,0.018886-0.075681i,-0.0084251-0.081581i,-0.032077-0.062826i,-0.037719-0.03415i,-0.028584-0.0085133i,-0.012736+0.0096338i,0.0038416+0.017579i,0.014366+0.014222i,0.011699+0.0080328i,-0.00091311+0.012946i,-0.0085911+0.020371i,-0.013113+0.017836i,-0.021218+0.014942i,-0.022868+0.017548i
-0.54597+0.13357i,-0.56919+0.27172i,-0.33431+0.28687i,-0.093888+0.23287i,-0.055191+0.17086i,-0.11252+0.10623i,-0.12259+0.044616i,-0.091443+0.010046i,-0.056836+0.018294i,-0.020128+0.038268i,0.0010295+0.043644i,0.0039148+0.040409i,0.0081961+0.030289i,0.017415+0.019181i,0.023347+0.01129i,0.02307+0.0025968i,0.016682-0.0004353i,0.011889+0.0053637i,0.014172+0.0062142i,0.013802-0.00067829i,0.013631-0.0036042i,0.02266-0.0057875i,0.029911-0.0098931i
0.49053+0.29716i,0.4841+0.32585i,0.41065+0.21166i,0.34445+0.029358i,0.26845-0.046601i,0.1919-0.017498i,0.10975+0.0050344i,0.038203+0.016421i,0.011804+0.016999i,0.00084116-0.0044096i,-0.0082263-0.020577i,-0.0045117-0.015625i,0.0014956-0.0030596i,-0.0024959+0.0014031i,-0.0076572+0.0054581i,-0.0024998+0.014093i,0.0043407+0.015404i,0.0014564+0.0088143i,-0.0038088+0.006207i,-0.0017036+0.0089811i,0.0012804+0.0050557i,-0.0024093-0.0060267i,-0.0096046-0.015421i
-0.20946-0.041289i,0.010519-0.17108i,0.05695-0.24971i,-0.032499-0.18692i,-0.055681-0.10244i,-0.06302-0.064549i,-0.066959-0.016287i,-0.033185+0.010548i,-0.017216+0.0030973i,-0.0082917+0.0079451i,0.0079589+0.0067198i,0.0055028-0.010892i,-0.0013781-0.02087i,-0.00058806-0.019531i,-0.0015988-0.018611i,-0.0066029-0.018943i,-0.0051144-0.014457i,0.0064206-0.011657i,0.013056-0.01819i,0.0075735-0.021507i,0.0019625-0.0086469i,0.0039255+0.0077506i,0.0049347+0.012757i
0.19741-0.44779i,-0.054272-0.32543i,-0.14538-0.061568i,-0.067542+0.060834i,0.015933+0.026494i,0.030991-0.019724i,0.017923-0.025541i,0.029533-0.013829i,0.049014-0.016553i,0.030359-0.029459i,-0.013936-0.022486i,-0.034707+0.0055512i,-0.023078+0.026453i,-0.0051589+0.025832i,0.0045555+0.018586i,0.0085744+0.01399i,0.0060123+0.0065324i,-0.0030865-0.0024284i,-0.010143-0.00059595i,-0.0075409+0.0046152i,-0.0029283-0.0019581i,-0.0062518-0.0091631i,-0.01159-0.0047474i
-0.28351+0.48603i,-0.12773+0.3347i,-0.036167+0.17329i,-0.015998+0.11753i,-0.042114+0.038349i,-0.10342-0.020133i,-0.1139+0.0079757i,-0.071045+0.030055i,-0.031057+0.014759i,0.00048134-0.0017171i,0.023892-0.0087785i,0.026033-0.0042091i,0.0191+0.0043138i,0.014347+0.0050747i,0.0033398-0.0044434i,-0.012479-0.01328i,-0.015469-0.013639i,-0.0036621-0.010944i,0.0060845-0.012088i,0.0068534-0.013283i,0.0037916-0.0077299i,0.0037754-0.00072055i,0.0078696+0.0027145i
0.018006-0.35432i,-0.098187-0.075895i,-0.01254+0.049209i,0.073347-0.042326i,-0.014354-0.040433i,-0.084962+0.045331i,-0.067644+0.033378i,-0.060877-0.014751i,-0.063726-0.00031671i,-0.046935+0.031404i,-0.02416+0.03534i,-0.0013523+0.019183i,0.0085524+0.00054861i,0.0044617-0.0038362i,0.0076234+0.0049771i,0.022733+0.010096i,0.025748+0.0088594i,0.013793+0.012886i,0.0043734+0.018748i,-0.0016589+0.016252i,-0.0062587+0.0085973i,-0.0093899+0.0022726i,-0.010479-0.00011788i
0.30647+0.53238i,0.4586+0.2715i,0.33733-0.052725i,0.11421-0.17085i,0.079525-0.11108i,0.1662-0.091271i,0.141-0.10913i,0.0549-0.044008i,0.041806+0.031172i,0.060451+0.029774i,0.058786-0.0079146i,0.034267-0.039485i,-0.0016523-0.039145i,-0.017887-0.01287i,-0.01584+0.0004377i,-0.018652-0.00068599i,-0.016094+0.0013805i,-0.0033597-0.0016948i,0.0025495-0.012306i,0.0061203-0.016538i,0.012721-0.018041i,0.014689-0.019306i,0.0098547-0.015597i
-0.27593-0.67544i,-0.36173-0.61824i,-0.39756-0.39732i,-0.38305-0.17787i,-0.30659-0.11046i,-0.22527-0.13612i,-0.17008-0.13321i,-0.12353-0.085845i,-0.088135-0.042334i,-0.066491-0.0067185i,-0.047+0.019718i,-0.032653+0.026114i,-0.021574+0.021514i,-0.011487+0.012256i,-0.0019825+0.0022113i,0.010793-0.006302i,0.016155-0.014817i,0.0059918-0.013825i,-0.0070629-0.0040936i,-0.016081+0.0033796i,-0.021295+0.011772i,-0.017758+0.019499i,-0.0102+0.018987i
0.10538+0.45437i,-0.023461+0.44073i,-0.089883+0.46082i,0.016811+0.49713i,0.1638+0.39065i,0.1719+0.19177i,0.089952+0.078145i,0.052579+0.049227i,0.048401+0.023933i,0.028356-0.0058488i,0.0024366-0.016665i,-0.0082236-0.0091702i,-0.00086282-0.00088i,0.011165+0.000191i,0.010005+0.0028322i,-0.0036219+0.012995i,-0.013668+0.020489i,-0.011757+0.019003i,-0.0016873+0.01545i,0.0075088+0.0096602i,0.012107-0.00049338i,0.012822-0.0088583i,0.014494-0.010992i
-0.18724-0.20906i,-0.055096-0.034708i,0.12913+0.11357i,0.23733+0.090229i,0.18457-0.022968i,0.067565-0.056723i,0.033721-0.01529i,0.037657-0.018097i,0.0065785-0.046516i,-0.014968-0.036902i,-0.0043905-0.0098583i,0.017813+0.0073129i,0.031477+0.004259i,0.016831-0.0059356i,0.0030425-0.0080686i,0.012898-0.012108i,0.020684-0.015064i,0.018258-0.010643i,0.013963-0.0072471i,0.0071126-0.0026251i,0.0011927+0.0072382i,-0.0037422+0.012651i,-0.012422+0.0069831i
0.22066+0.20345i,0.23525+0.168i,0.29255+0.04501i,0.30618-0.074476i,0.20078-0.05245i,0.10644+0.049998i,0.082943+0.059118i,0.040771+0.022683i,9.4003e-05+0.039957i,-0.00073485+0.056227i,-0.0064371+0.034005i,-0.024854+0.0095722i,-0.032004+0.00067375i,-0.020002+0.0018799i,-0.0051298+0.004753i,-0.0028707+0.006026i,-0.0010255+0.0081644i,0.0079083+0.0062471i,0.012415+0.0011149i,0.011478-0.0015639i,0.0091233-0.0069819i,0.0053475-0.010596i,0.0033894-0.0038325i
-0.022687-0.15946i,0.099655-0.26165i,0.098893-0.39102i,-0.040711-0.42483i,-0.096912-0.28137i,-0.017407-0.12748i,0.019621-0.059318i,0.0081541-0.020391i,0.020453-0.0088811i,0.031157-0.024166i,0.027793-0.023306i,0.024127-0.0057515i,0.014282+0.0077993i,0.00016632+0.012876i,-0.0038746+0.009224i,0.0020182-0.0014911i,0.0043176-0.012156i,-0.00077236-0.016366i,-0.0053024-0.016029i,-0.0047731-0.012616i,-0.0035463-0.0073465i,-0.0059293-0.0040819i,-0.010338-0.00055291i
-0.10745-0.057801i,-0.30978-0.14285i,-0.46087-0.1492i,-0.46167-0.052106i,-0.37353+0.02734i,-0.27713+0.052687i,-0.1885+0.050503i,-0.1133+0.034902i,-0.069142+0.026875i,-0.043363+0.033697i,-0.024518+0.029464i,-0.024013+0.01731i,-0.023162+0.018356i,-0.0072179+0.017993i,-0.0031974+0.0069385i,-0.014653+0.005057i,-0.017832+0.0091833i,-0.013321+0.008064i,-0.0087572+0.0053435i,-0.0057101+0.0034225i,-0.0048253+0.0031402i,0.0010812+0.0027961i,0.013302+0.0015116i
-9.9246e-05+0.11227i,-0.026184+0.25214i,-0.070302+0.36593i,-0.062503+0.38532i,0.014517+0.31014i,0.056566+0.19947i,0.033753+0.11462i,0.014841+0.054358i,0.011678+0.0009772i,-0.0046637-0.029687i,-0.011137-0.026885i,0.0097882-0.016418i,0.02502-0.0186i,0.0143-0.020609i,0.0063682-0.0067061i,0.017708+0.0072674i,0.024734+0.0086233i,0.020545+0.006627i,0.014795+0.0054398i,0.0089375+0.0044304i,0.005187+0.0037412i,4.9372e-05+0.00023122i,-0.0051788-0.0080045i
-0.025799+0.053785i,0.043587+0.065125i,0.11739+0.13311i,0.16471+0.1467i,0.11898+0.021097i,0.0129-0.078552i,-0.025193-0.060502i,0.00038202-0.02612i,0.0097029-0.017506i,0.0018168-0.011772i,-0.0076279-0.015042i,-0.027301-0.025342i,-0.039969-0.021962i,-0.028757-0.0085471i,-0.017167-0.004537i,-0.018691-0.0052352i,-0.017818-0.0038421i,-0.013532-0.0046769i,-0.012838-0.0064123i,-0.010994-0.008556i,-0.0061228-0.010356i,-0.00086378-0.0099814i,-0.0010369-0.0078888i
0.078322-0.14796i,0.10743-0.04247i,0.22411+0.006104i,0.25269-0.032432i,0.13277-0.026637i,0.0092745+0.00057346i,-0.045785-0.02281i,-0.061209-0.03154i,-0.049914-0.0059695i,-0.026569+0.016252i,-0.0026721+0.031374i,0.021225+0.032585i,0.025944+0.015392i,0.013158+0.00037016i,0.010623-0.0028173i,0.017687-0.0058797i,0.015909-0.0085057i,0.0103-0.0032204i,0.0084232+0.0038959i,0.0012464+0.0082575i,-0.010955+0.011465i,-0.016515+0.015887i,-0.011494+0.019665i
0.055906+0.21824i,0.14906-0.038878i,0.096897-0.26131i,0.019038-0.25989i,0.046391-0.18033i,0.071025-0.15723i,0.025266-0.11587i,-0.0031197-0.035562i,0.023128+0.012244i,0.04584+0.00072051i,0.028984-0.026679i,0.00049135-0.030578i,-0.010482-0.013899i,-0.0055872+0.00067648i,-0.0045852+0.0041691i,-0.014027+0.0076401i,-0.018105+0.013968i,-0.014447+0.013221i,-0.008576+0.00583i,-0.00030486-0.00096332i,0.0070489-0.0057823i,0.0089993-0.0098971i,0.0033008-0.0091095i
-0.24604-0.40231i,-0.41048-0.2141i,-0.40264-0.063149i,-0.31467-0.059201i,-0.2813-0.067864i,-0.2534-0.028939i,-0.1787+0.0018945i,-0.10784+0.005312i,-0.07232+0.0064644i,-0.039866+0.02032i,0.0019184+0.027983i,0.031358+0.019376i,0.039252+0.0062743i,0.030231-0.0045817i,0.01832-0.013043i,0.013146-0.020123i,0.012964-0.021204i,0.014672-0.015614i,0.014724-0.0098785i,0.0088781-0.0025679i,0.0010671+0.0084853i,0.00034042+0.016509i,0.0093281+0.017932i
0.34924+0.4894i,0.35805+0.34477i,0.19484+0.21224i,0.087218+0.19358i,0.14363+0.17782i,0.20225+0.10741i,0.16918+0.043876i,0.11099+0.027418i,0.077943+0.02236i,0.041342-0.0059735i,-0.017242-0.027291i,-0.055165-0.016413i,-0.051753+0.00092462i,-0.031023+0.0084934i,-0.014469+0.015939i,-0.0038738+0.023827i,0.0037516+0.021433i,0.0043139+0.0095701i,0.0025115+0.0025101i,0.010809-0.0017291i,0.020643-0.015172i,0.015096-0.028836i,-0.0018299-0.030924i
-0.44595-0.41849i,-0.38203-0.21168i,-0.16397-0.017439i,-0.053562-0.032317i,-0.11776-0.11533i,-0.15585-0.10682i,-0.086949-0.062017i,-0.020053-0.064122i,-0.016748-0.077186i,-0.024493-0.046847i,0.0002715-0.005026i,0.024689+0.0066436i,0.02117-0.00046842i,0.0077542-0.0070814i,0.0013187-0.016469i,-0.0014375-0.027945i,-0.0055859-0.029974i,-0.0082563-0.019434i,-0.0085646-0.0083325i,-0.0099864-0.0035971i,-0.011743+0.00062657i,-0.0091779+0.0076531i,-0.0010114+0.011882i
0.52634+0.30046i,0.49281+0.16026i,0.34089+0.008374i,0.21019+0.025654i,0.16638+0.12618i,0.15735+0.13816i,0.10366+0.052075i,0.023451+0.00098017i,-0.011352+0.018383i,-0.01157+0.032227i,-0.018264+0.02767i,-0.019727+0.028632i,-0.0099441+0.028396i,-0.0076921+0.022384i,-0.010405+0.022574i,-0.0054635+0.025307i,0.00098615+0.023231i,0.0045151+0.017492i,0.0075869+0.010547i,0.0061703+0.0047983i,0.0011546-0.0009458i,-0.0024343-0.0067978i,-0.0050968-0.009028i
-0.4316-0.18245i,-0.36124-0.20924i,-0.23174-0.17936i,-0.13066-0.15067i,-0.059807-0.15195i,-0.024911-0.14951i,-0.028087-0.091928i,-0.023341-0.026988i,0.0020219-0.011917i,0.024948-0.022442i,0.041244-0.032958i,0.038592-0.046823i,0.016396-0.049082i,0.0036082-0.031651i,0.0049685-0.019404i,0.0033264-0.017674i,0.00065028-0.01187i,0.0011518-0.0049457i,-0.0026583-0.0032056i,-0.0075418+0.00022032i,-0.0044939+0.0092848i,-0.0019715+0.014662i,-0.0045315+0.013192i
0.18429+0.028626i,0.064138+0.12559i,-0.034761+0.14515i,-0.049755+0.11577i,-0.060266+0.088687i,-0.085333+0.059794i,-0.088057+0.030878i,-0.074898+0.024985i,-0.061135+0.041884i,-0.042915+0.049341i,-0.030623+0.038007i,-0.024224+0.028623i,-0.0087088+0.023986i,0.0051435+0.014003i,0.0039436+0.0082982i,0.0004623+0.010035i,0.00041245+0.0049302i,-0.0019487-0.0055041i,-0.0056832-0.0086786i,-0.0081778-0.0043093i,-0.0057301-0.0015211i,0.0029143-0.0023094i,0.012642-0.0026225i
0.051203+0.081674i,0.081716+0.0012573i,0.069565+0.026235i,0.074356+0.065509i,0.11475+0.038758i,0.12523+0.015911i,0.096354+0.023768i,0.069306+0.024185i,0.056883+0.001827i,0.036655-0.02487i,0.0094659-0.030516i,-0.0083333-0.019322i,-0.011637-0.0072337i,-0.0026061-0.00063284i,0.012079-4.9886e-05i,0.021409-0.0012972i,0.020253-0.0013021i,0.011037+0.0029341i,0.0061348+0.0092052i,0.010346+0.0086181i,0.0087083+0.0012004i,-0.0053681-0.0054105i,-0.020451-0.0044444i
-0.30122-0.017346i,-0.20131+0.10474i,-0.037099+0.088528i,0.00080563-0.018433i,-0.093808-0.080804i,-0.16047-0.064268i,-0.11929-0.034071i,-0.055736-0.041045i,-0.049243-0.037541i,-0.051847+0.0053943i,-0.024688+0.032462i,0.0028258+0.028759i,0.012694+0.01784i,0.007868+0.0079642i,-0.0037473-4.4513e-05i,-0.0099616-0.0066952i,-0.011112-0.0093945i,-0.0060422-0.0057291i,0.0029785-0.003992i,0.0032262-0.0050391i,0.00090171+0.0011228i,0.010394+0.0085078i,0.023937+0.0055157i
0.51454-0.13064i,0.40028-0.24175i,0.20857-0.21767i,0.10798-0.086793i,0.11256+0.044447i,0.14738+0.098331i,0.13053+0.062827i,0.072261+0.023767i,0.046913+0.015777i,0.044776-0.002093i,0.022796-0.014957i,0.0025926-0.0095927i,0.0016769-0.0022196i,0.0064385+0.0027452i,0.0086908+0.0061041i,0.010406+0.0069004i,0.014448+0.0042636i,0.017708-0.0026826i,0.01467-0.011085i,0.0092759-0.01455i,0.0014615-0.015291i,-0.013771-0.013953i,-0.026782-0.007349i
-0.59306+0.28126i,-0.47489+0.24625i,-0.28211+0.10076i,-0.17383-0.033593i,-0.1426-0.11267i,-0.15502-0.13614i,-0.14839-0.078146i,-0.084358-0.0088557i,-0.019677+0.002277i,0.0060547-0.0077126i,0.015124-0.011872i,0.011165-0.018855i,-0.010065-0.02306i,-0.021477-0.013649i,-0.016228-0.0045397i,-0.013473-0.0022667i,-0.013945+0.0010932i,-0.014061+0.0022531i,-0.014521+0.0017782i,-0.0077628+0.0055183i,0.0084744+0.0078373i,0.025576+0.0054026i,0.031974-0.00012025i
0.46445-0.42664i,0.32672-0.29141i,0.11154-0.081261i,0.010126+0.0638i,0.021455+0.13368i,0.041923+0.12179i,0.033372+0.064335i,0.013202+0.031024i,-0.0021415+0.02016i,-0.012973+0.012278i,-0.020333+0.01277i,-0.015407+0.019511i,-0.00061197+0.020389i,0.0079638+0.0076795i,0.0039211-0.0015618i,0.001782+0.0029833i,0.0051322+0.0044836i,0.0012473+0.00018678i,-0.007183+0.0004315i,-0.014307-0.0023846i,-0.026328-0.010815i,-0.036354-0.011524i,-0.031198-0.0016856i
-0.26597+0.5161i,-0.21346+0.38504i,-0.076168+0.22234i,0.018567+0.10703i,0.033326+0.011055i,0.0059228-0.026849i,-0.020194-0.0053822i,-0.021386+0.015667i,-0.0086084+0.0136i,0.00041357-0.00027257i,0.0037163-0.014978i,-0.0013862-0.022657i,-0.015882-0.016516i,-0.022707+0.0012442i,-0.010624+0.011236i,0.0025327+0.0067979i,0.0064766+0.0065346i,0.0092237+0.016511i,0.01631+0.02262i,0.023193+0.020144i,0.026268+0.014522i,0.02596+0.0072704i,0.017468-0.0020382i
0.061155-0.43404i,0.13937-0.28742i,0.145-0.13648i,0.097219-0.079427i,0.047634-0.067989i,0.032764-0.0825i,0.034692-0.11312i,0.0084327-0.12045i,-0.034235-0.07517i,-0.04311-0.0056164i,-0.022767+0.032698i,-0.0024587+0.033761i,0.013657+0.020494i,0.016557+0.0038895i,0.0045361-0.0043684i,-0.003041-0.0036147i,-0.00091753-0.0060691i,0.0035736-0.014875i,0.0020145-0.021749i,-0.0085794-0.017501i,-0.019872-0.00385i,-0.020161+0.0074012i,-0.0081712+0.011034i
0.11395+0.2453i,0.0051599+0.13457i,-0.020823+0.019076i,0.0025202-0.00935i,0.005382+0.025282i,0.0013166+0.046704i,-0.02178+0.027426i,-0.0505+0.019291i,-0.030504+0.025671i,0.0084709-0.0026149i,0.012276-0.036351i,-0.0016335-0.034535i,-0.0073518-0.017389i,-0.0029368-0.0017029i,0.0076615+0.0053747i,0.010645-0.00015178i,0.0033106-0.0029652i,-0.0021506-0.0011114i,-0.0023655-0.0025498i,0.0037048-0.0043451i,0.013157-0.0086672i,0.013403-0.015169i,0.0004722-0.017715i
-0.21383-0.05024i,-0.1085-0.062746i,-0.062164-0.082261i,-0.050459-0.11757i,-0.035806-0.16195i,-0.03149-0.17036i,-0.021444-0.11431i,0.013316-0.056991i,0.029647-0.041335i,0.011756-0.018326i,0.0085271+0.016021i,0.018536+0.022352i,0.017153+0.0069608i,0.008857-0.0086571i,-0.00046424-0.013951i,-0.0056119-0.005243i,-0.0038037+0.0022654i,-0.0037307+0.0016395i,-0.0068543+0.0038214i,-0.0059544+0.0087377i,-0.0027137+0.012045i,0.0019077+0.014787i,0.0087167+0.014795i
0.1535-0.15157i,0.04492-0.061139i,-0.048324+0.039558i,-0.094893+0.1236i,-0.10295+0.19296i,-0.078923+0.22617i,-0.033617+0.19255i,-0.0042055+0.12759i,0.0017353+0.074368i,-0.0012001+0.023501i,-0.011499-0.015157i,-0.016195-0.023149i,-0.012326-0.014518i,-0.01027-0.0060461i,-0.0075389-0.0026408i,-0.0030022-0.0053215i,-0.0020508-0.0066717i,-0.0022152-0.00069637i,0.00020511+0.0026116i,-0.00017127-0.0032025i,-0.0072478-0.011722i,-0.017059-0.015098i,-0.021303-0.0091041i
-0.036506+0.27211i,-0.0046143+0.17615i,0.030989+0.082974i,0.075457+0.0063212i,0.11724-0.083496i,0.11771-0.12883i,0.092795-0.086176i,0.090905-0.031445i,0.085612-0.016528i,0.055502-0.0012176i,0.03533+0.020915i,0.024435+0.023519i,0.010895+0.016965i,0.0054329+0.013035i,0.0055586+0.0099606i,0.0061795+0.0075503i,0.011122+0.0061779i,0.01827+0.0045259i,0.023034+0.0028032i,0.023844+0.0027026i,0.023057+0.0074007i,0.024478+0.013483i,0.027273+0.013175i
-0.10384-0.28901i,-0.041213-0.16399i,0.0044201-0.018928i,-0.0095114+0.07312i,-0.06526+0.11348i,-0.086472+0.10469i,-0.056876+0.03855i,-0.054127-0.019676i,-0.069574-0.018038i,-0.05269-0.0033889i,-0.035192-0.0094859i,-0.027914-0.01055i,-0.013886-0.0062268i,-0.0060428-0.0065323i,-0.0043719-0.0059467i,-0.0041502-0.0078125i,-0.0081358-0.012592i,-0.013253-0.016887i,-0.019699-0.018144i,-0.026814-0.015643i,-0.028958-0.01258i,-0.025398-0.012915i,-0.02062-0.014937i
0.23157+0.1973i,0.14877+0.10596i,0.10565-0.014103i,0.113-0.075767i,0.13027-0.081674i,0.1018-0.07472i,0.019107-0.053338i,-0.031369-0.0095913i,-0.014269+0.01789i,0.011683+0.015355i,0.023128+0.015645i,0.024269+0.016373i,0.016572+0.011709i,0.014015+0.0091258i,0.012557+0.0056701i,0.007543+0.007329i,0.0056947+0.013998i,0.0047873+0.017156i,0.0048542+0.017907i,0.0107+0.017386i,0.016226+0.012493i,0.017114+0.0059982i,0.0137+0.0027725i
-0.27696-0.059924i,-0.16868-0.05948i,-0.097015-0.055745i,-0.082624-0.06701i,-0.097633-0.061925i,-0.10784-0.036963i,-0.084037-0.014496i,-0.057787-0.018094i,-0.049928-0.026526i,-0.044717-0.024002i,-0.040862-0.021537i,-0.032466-0.017699i,-0.020418-0.015212i,-0.014939-0.016482i,-0.0093327-0.013735i,-7.8236e-05-0.0087406i,0.0062151-0.0081998i,0.0063661-0.006922i,0.0027576-0.0018611i,-0.0014341+0.0014495i,-0.0067435+0.0014007i,-0.013368-0.0010477i,-0.017747-0.0027959i
0.21585-0.092834i,0.098774-0.038337i,0.0033842-0.017199i,-0.046891+0.011686i,-0.030337+0.074945i,0.022739+0.09747i,0.024766+0.071833i,0.006431+0.068613i,0.0098459+0.070633i,0.021005+0.055284i,0.030893+0.031238i,0.026613+0.012183i,0.012677+0.011784i,0.0060701+0.017061i,0.0033927+0.017715i,-0.00077014+0.013327i,-0.003961+0.0074186i,-0.0017313+0.0054962i,0.0050104+0.0031636i,0.010062-0.0020968i,0.0099213-0.0032708i,0.0094725+0.0030063i,0.012932+0.0097038i
-0.097156+0.19274i,-0.075297+0.092128i,-0.075381+0.076377i,-0.020967+0.055167i,0.044322-0.069522i,0.037136-0.14464i,0.031926-0.10472i,0.052256-0.068023i,0.050605-0.064954i,0.017211-0.059998i,-0.017379-0.039597i,-0.024828-0.016009i,-0.012581-0.0060248i,0.0015892-0.0042816i,0.012048-0.0063967i,0.015762-0.010258i,0.015051-0.013229i,0.012124-0.016364i,0.0069776-0.017804i,0.0037821-0.015938i,0.0038669-0.013498i,0.0031533-0.012692i,0.00062161-0.013583i
-0.05806-0.17041i,0.022996-0.012383i,0.099072+0.039115i,0.034125+0.051811i,-0.080373+0.11969i,-0.092822+0.12396i,-0.06041+0.047133i,-0.051053+0.0035581i,-0.046126+0.016496i,-0.017245+0.038443i,0.018265+0.032264i,0.025466+0.011385i,0.010835+0.0046171i,-0.0026548+0.0082058i,-0.0091498+0.011295i,-0.013389+0.011888i,-0.019486+0.011705i,-0.023046+0.010814i,-0.025013+0.0074832i,-0.027873+0.0056844i,-0.024925+0.0071371i,-0.015203+0.0083049i,-0.0054005+0.0074971i
0.19214+0.071183i,0.044145-0.033138i,-0.0081126-0.010431i,0.11133-0.0070772i,0.1759-0.097348i,0.10233-0.12238i,0.022537-0.065867i,0.0020773-0.021469i,0.0135-0.020871i,-0.00033701-0.040509i,-0.033267-0.029928i,-0.031794-0.0034145i,-0.0080096-0.0022269i,0.0052938-0.011969i,0.0078403-0.016572i,0.0088967-0.013007i,0.015196-0.0040999i,0.019624+0.0028921i,0.018766+0.0092954i,0.018573+0.010867i,0.016315+0.0027407i,0.0072574-0.0063129i,-0.0063284-0.0095326i
-0.21842+0.099927i,0.027525+0.085355i,0.11943-0.070433i,-0.029762-0.11883i,-0.13957-0.0035901i,-0.1048+0.068347i,-0.036267+0.039541i,-0.018529-0.0096935i,-0.038179-0.01342i,-0.018371+0.020177i,0.029178+0.017659i,0.027381-0.010734i,-0.0063149-0.012188i,-0.022489+0.0015824i,-0.021021+0.010561i,-0.012398+0.011891i,-0.0058042+0.0062261i,-0.002809-0.00054227i,-0.002177-0.0047389i,-0.0055279-0.0022977i,-0.0079763+0.0055617i,-0.0054415+0.013114i,0.001879+0.018559i
0.12983-0.29303i,-0.1501-0.20988i,-0.24344-0.01306i,-0.081563+0.055235i,0.062608+0.0074812i,0.083699-0.0047567i,0.050596+0.00854i,0.018589+0.027339i,0.018746+0.035061i,0.0083974+0.0054073i,-0.025508-0.0024262i,-0.023161+0.019673i,0.0077403+0.018845i,0.018462+0.0020413i,0.0098023-0.0051929i,0.0030696-0.004183i,0.0023167-0.0034504i,0.0036923-0.0021784i,0.0093814+0.00019245i,0.016096-0.0029703i,0.017054-0.009987i,0.013232-0.013467i,0.0071948-0.012943i
0.030471+0.4131i,0.2364+0.25313i,0.20968+0.0061532i,0.012645-0.065494i,-0.056852-0.032439i,-0.0069372-0.050572i,0.032548-0.064588i,0.050415-0.063959i,0.033434-0.063012i,0.019497-0.036392i,0.030783-0.026653i,0.019131-0.038052i,-0.010584-0.028544i,-0.018432-0.0081224i,-0.0063699+0.00078031i,0.0027058-0.0011324i,-0.00044472-0.0045241i,-0.0060367-0.0059942i,-0.0083836-0.0094799i,-0.011112-0.011572i,-0.0115-0.0064292i,-0.0067996+0.00044857i,0.0019046+0.0015885i
-0.2654-0.41393i,-0.4249-0.16417i,-0.31811+0.15279i,-0.0896+0.22078i,-0.029649+0.12716i,-0.080816+0.086189i,-0.094684+0.074924i,-0.075793+0.074088i,-0.033628+0.077325i,-0.010272+0.051623i,-0.018649+0.038521i,-0.0081983+0.041328i,0.014493+0.026974i,0.018227+0.0086726i,0.0064768+0.00033095i,-0.0046781+0.00018267i,-0.0074074+0.006004i,-0.0058487+0.011894i,-0.004786+0.013721i,-0.0029261+0.012805i,0.00048705+0.0075936i,0.0016018-0.0029186i,-0.0046743-0.011253i
0.49076+0.33136i,0.62331+0.080152i,0.47724-0.17496i,0.24739-0.18358i,0.17359-0.10316i,0.15208-0.088954i,0.099783-0.054504i,0.080848-0.020658i,0.060661-0.036137i,0.028093-0.040754i,0.018638-0.03427i,0.0054032-0.034955i,-0.016463-0.023495i,-0.017101-0.0070572i,-0.0028031-0.0029779i,0.0048663-0.0070243i,0.0075639-0.0094894i,0.0098366-0.0097922i,0.0072869-0.0077813i,0.0026509-0.0029965i,-0.00069393+0.0012715i,-0.003328+0.0057874i,-0.0019679+0.01003i
-0.64611-0.15741i,-0.6947+0.077368i,-0.43331+0.23453i,-0.18122+0.14205i,-0.18133+0.043402i,-0.21652+0.060896i,-0.15466+0.057339i,-0.10696+0.030765i,-0.073728+0.036914i,-0.029235+0.042839i,-0.0045762+0.042199i,0.010582+0.04179i,0.023965+0.02953i,0.019498+0.0095864i,0.0029329-0.0016607i,-0.0043913+0.00026296i,-0.0020274+0.0023607i,-0.00022486+0.0002049i,0.0002344-0.00051237i,-0.00070398+0.00060249i,-0.001096+0.0016746i,-0.001754-0.00044089i,-0.0052898-0.00034007i
0.69775-0.10132i,0.69787-0.33439i,0.40427-0.43244i,0.17111-0.26826i,0.19202-0.095858i,0.22763-0.070127i,0.14231-0.064297i,0.062869-0.027824i,0.029081-0.013658i,0.0050589-0.025827i,-0.01276-0.040752i,-0.020191-0.041078i,-0.015708-0.029546i,-0.0066935-0.016471i,0.0018302-0.0061377i,0.0067173-0.0037857i,0.0045272-0.0048161i,0.00023304-0.0036081i,0.00094864-0.0001749i,0.0069919+0.0006655i,0.0088601-0.0016504i,0.0070265+0.00085288i,0.010281+0.0036589i
-0.66323+0.33845i,-0.67773+0.52978i,-0.43802+0.51964i,-0.25507+0.26847i,-0.26653+0.050865i,-0.26662+0.002085i,-0.1717-0.015511i,-0.10005-0.041212i,-0.063753-0.027475i,-0.025713+0.0076985i,0.001063+0.029542i,0.0092511+0.029921i,0.0059254+0.017699i,-0.0015476+0.0072416i,-0.0045567+0.0036761i,-0.00026544+0.0036423i,0.0052345+0.002814i,0.0082771-0.00040178i,0.0057947-0.0080443i,-0.0040926-0.013405i,-0.010883-0.010294i,-0.010063-0.0076038i,-0.0096905-0.0078464i
0.50281-0.51911i,0.51928-0.66741i,0.29784-0.5477i,0.14071-0.2077i,0.187+0.032305i,0.21116+0.052548i,0.11781+0.027007i,0.038499+0.036539i,0.014224+0.042009i,0.0030739+0.022206i,-0.013951-0.0034771i,-0.024418-0.0099105i,-0.017382-0.00063044i,-0.0021257+0.010313i,0.011147+0.013553i,0.012695+0.0056362i,0.0044229-0.0022363i,-0.0027783-0.0018993i,-0.0028266+0.0049688i,0.0052879+0.0087459i,0.012223+0.0049754i,0.012956+0.0018678i,0.011837+0.0013294i
-0.31906+0.61534i,-0.34629+0.80095i,-0.15831+0.67417i,-0.027217+0.29773i,-0.088261+0.010645i,-0.12433-0.047916i,-0.051147-0.027846i,0.019691-0.036099i,0.037832-0.053962i,0.029831-0.035231i,0.034154+0.0012564i,0.034108+0.014133i,0.015646+0.012859i,0.0036128+0.0083362i,-0.002478+0.0011079i,-0.0060678+0.0017563i,-0.0016466+0.0037082i,0.0036825-0.0015907i,-0.00035692-0.0086264i,-0.011336-0.010222i,-0.017519-0.005651i,-0.016777-0.0028621i,-0.015983-0.0021285i
0.15409-0.63919i,0.19992-0.86389i,0.088823-0.72541i,0.014783-0.31732i,0.072064-0.01642i,0.10073+0.049249i,0.054752+0.024981i,0.0017517+0.019954i,-0.025908+0.033618i,-0.021407+0.022317i,-0.017462-0.010659i,-0.017239-0.02206i,-0.0042063-0.01642i,0.0052532-0.011747i,0.0055643-0.0072367i,0.0027113-0.0060557i,-0.0034661-0.0047209i,-0.0097535+0.0031326i,-0.0067138+0.014542i,0.0057971+0.020168i,0.014127+0.013824i,0.014572+0.0056791i,0.01337+0.0046153i
-0.016951+0.60236i,-0.028217+0.853i,0.062491+0.70554i,0.11613+0.28756i,0.057829-0.01309i,-0.0034063-0.080371i,-0.0069483-0.047897i,0.02471-0.024642i,0.045565-0.032671i,0.025544-0.033147i,0.010109-0.010306i,0.010332-0.0036277i,-0.0018137-0.014959i,-0.015794-0.016567i,-0.021031-0.0060862i,-0.016405+0.0089435i,-0.0026409+0.019393i,0.012058+0.017323i,0.016492+0.0044546i,0.0068564-0.0064758i,-0.0039797-0.0057477i,-0.0073836-0.0023592i,-0.0080807-0.0040468i
-0.097851-0.56187i,-0.14364-0.83261i,-0.21008-0.72666i,-0.2259-0.36635i,-0.17242-0.083311i,-0.10759+0.010152i,-0.073751+0.0041457i,-0.083412-0.0064549i,-0.091139+0.013724i,-0.059547+0.027465i,-0.035523+0.013081i,-0.03048+0.0058326i,-0.018522+0.010328i,-0.0082447+0.010155i,-0.0017445+0.0050147i,0.0042507-0.0058171i,0.0049598-0.015992i,0.0014821-0.017971i,-0.0003631-0.012053i,0.0033899-0.0030504i,0.0075128-0.0016591i,0.0069108-0.0042653i,0.0058699-0.0026508i
0.18255+0.50076i,0.25873+0.7739i,0.2733+0.6971i,0.23143+0.38444i,0.17287+0.1355i,0.10393+0.035208i,0.037448+0.025012i,0.030637+0.045099i,0.056362+0.031251i,0.044632+0.0031357i,0.023594+0.0071352i,0.021787+0.015195i,0.017572+0.011403i,0.011525+0.010779i,0.0080151+0.011947i,0.0032534+0.01327i,0.001025+0.012811i,0.0017917+0.006453i,0.0019503-0.002738i,-0.00072348-0.0099497i,-0.0042987-0.0099203i,-0.0060753-0.0048226i,-0.0081914-0.0043637i
-0.23117-0.43764i,-0.34738-0.69055i,-0.35021-0.62564i,-0.28237-0.35075i,-0.2126-0.1486i,-0.12767-0.053855i,-0.030608-0.029308i,-0.0069327-0.060409i,-0.036174-0.058394i,-0.030983-0.019385i,-0.0083071-0.0066621i,-0.0014622-0.0064847i,0.0073221+0.00045635i,0.015137-0.00059648i,0.013466-0.0097003i,0.0081252-0.018115i,-0.0022364-0.021053i,-0.015045-0.01542i,-0.021739-0.0044415i,-0.01934+0.0040282i,-0.012268+0.0063519i,-0.0059604+0.0056339i,-0.00073285+0.007681i
0.26655+0.38119i,0.41798+0.61767i,0.40928+0.58944i,0.30529+0.37873i,0.2098+0.21468i,0.12366+0.09857i,0.034421+0.032988i,0.0046785+0.046278i,0.029347+0.051517i,0.033843+0.015501i,0.017678-0.0052008i,0.010714-0.0066903i,0.0042774-0.011875i,-0.00090628-0.012272i,-0.0002711-0.004356i,5.1251e-05+0.0063019i,0.0013248+0.01558i,0.0053691+0.019088i,0.010077+0.017464i,0.011007+0.011925i,0.0089379+0.0053153i,0.0062463+0.00097629i,0.0025288-0.0025923i
-0.2971-0.33685i,-0.46282-0.53133i,-0.40988-0.51709i,-0.24362-0.35692i,-0.12385-0.22521i,-0.050309-0.11942i,0.021869-0.051313i,0.054763-0.062942i,0.020536-0.075132i,-0.013639-0.035617i,-0.017604-0.0066512i,-0.02261-0.0064495i,-0.02816-0.0041965i,-0.023128-0.0036005i,-0.014872-0.0079255i,-0.0047811-0.0088112i,0.0053789-0.0086059i,0.0093117-0.0071688i,0.0070097-0.0041611i,0.0021961-0.00065172i,0.00029845+0.0037589i,0.0023564+0.0045613i,0.0049152+0.0046i
0.33359+0.30046i,0.50682+0.43272i,0.42065+0.42107i,0.21581+0.30327i,0.07708+0.19461i,-0.0066006+0.095274i,-0.075148+0.029861i,-0.10355+0.050937i,-0.057981+0.083626i,-0.00051113+0.051866i,0.012824+0.013145i,0.010236+0.009739i,0.0074839+0.01288i,0.00061726+0.016127i,0.00029705+0.01931i,0.0028969+0.014013i,0.0034769+0.0047659i,0.0067028-0.0055676i,0.0099764-0.0118i,0.01079-0.011599i,0.0076772-0.011183i,7.1905e-05-0.010843i,-0.0062446-0.010856i
-0.398-0.23942i,-0.54848-0.31552i,-0.41323-0.325i,-0.16424-0.2717i,-0.013112-0.19147i,0.049906-0.086678i,0.082278+0.0017549i,0.10155+0.0063186i,0.072077-0.032941i,0.016478-0.028777i,-0.0057254-0.00056152i,-0.004691+0.0026845i,7.5174e-05-0.0041003i,0.0058433-0.0067049i,0.0051896-0.0084471i,0.00045886-0.0065591i,-0.0031807-0.0029267i,-0.0071361-0.0012392i,-0.010383-0.0033388i,-0.010635-0.0064426i,-0.0066408-0.0040521i,-0.00042232+0.0018964i,0.0037616+0.0061162i
0.44135+0.14602i,0.54541+0.1904i,0.36005+0.22919i,0.0802+0.21542i,-0.076959+0.14217i,-0.13121+0.034749i,-0.15297-0.041889i,-0.16027-0.029006i,-0.11487+0.024164i,-0.035917+0.026428i,0.0070324-0.001348i,0.020103-0.0071437i,0.024672-0.004099i,0.017533+0.0010654i,0.0094966+0.0094552i,0.0036249+0.010397i,-0.0015924+0.0058727i,-0.0058469+0.00268i,-0.0088278+0.0037813i,-0.0083527+0.0060218i,-0.0073892+0.0029326i,-0.0085894-0.0015958i,-0.0098417-0.0038566i
-0.46096-0.02083i,-0.51698-0.046125i,-0.31194-0.11688i,-0.037263-0.13176i,0.11522-0.076701i,0.15011+0.0042783i,0.13946+0.060615i,0.13299+0.047989i,0.095243-0.0082783i,0.022008-0.024387i,-0.01664-0.0027268i,-0.021672+0.0006479i,-0.022763-0.0079246i,-0.015794-0.014143i,-0.0066787-0.017047i,-0.0015688-0.0099144i,0.0018734+0.0035402i,0.004867+0.014597i,0.0076857+0.014098i,0.0080699+0.005374i,0.0081278+0.0018414i,0.010931+0.0038046i,0.012674+0.0055057i
0.42752-0.1186i,0.44928-0.083977i,0.25803+0.031569i,0.012213+0.073318i,-0.13454+0.021366i,-0.15496-0.057448i,-0.1193-0.12202i,-0.11414-0.12448i,-0.098215-0.056699i,-0.036944-0.0045533i,0.0052653-0.0030212i,0.010628-0.0010432i,0.0059205+0.012024i,-0.0012878+0.018342i,-0.0033149+0.017304i,0.00044478+0.0088579i,0.0042937-0.0042641i,0.0070026-0.013716i,0.0049263-0.010691i,0.00094343-0.00050715i,-0.0023989+0.0024776i,-0.0075026-0.0014094i,-0.010895-0.0055423i
-0.34455+0.24103i,-0.35199+0.19169i,-0.18773+0.039263i,0.019903-0.018871i,0.14175+0.033656i,0.14835+0.09013i,0.10635+0.11783i,0.097352+0.10643i,0.082437+0.051539i,0.029449+0.0090547i,-0.010036+0.0059155i,-0.01712+0.0081323i,-0.012057+0.0057659i,-0.0041935-3.9451e-05i,-2.3344e-05-0.0089268i,-0.00013881-0.010271i,-0.0016428-0.0051103i,-0.0017065-0.00059994i,0.0031169-0.0038437i,0.006806-0.010105i,0.0066991-0.00904i,0.0073435-0.0023138i,0.0082692+0.0043852i
0.21552-0.31414i,0.23232-0.25793i,0.12587-0.087127i,-0.014378-0.024515i,-0.087736-0.085465i,-0.080467-0.13813i,-0.038807-0.15835i,-0.032955-0.1476i,-0.034126-0.082618i,-0.00060648-0.019599i,0.025255-0.0052303i,0.021641-0.005284i,0.013246-0.0020766i,0.0067666+0.0016643i,0.00090641+0.0047984i,-0.0021866+0.00117i,-0.0035138-0.0054171i,-0.0056547-0.0088036i,-0.010116-0.0065658i,-0.012179+6.0104e-05i,-0.010315+0.0025169i,-0.0086444-0.00037269i,-0.0079023-0.0037205i
-0.085392+0.33488i,-0.11713+0.2864i,-0.073882+0.11716i,-0.0013208+0.051745i,0.023519+0.1129i,0.0072009+0.15421i,-0.026053+0.16465i,-0.02285+0.17065i,0.0086045+0.11717i,0.0042618+0.035148i,-0.017377+0.0016883i,-0.017122-0.0028293i,-0.0087788-0.0094947i,-0.0029589-0.011554i,0.001951-0.008004i,0.0032541-0.00072535i,0.0016711+0.0090091i,0.0015194+0.01431i,0.0030095+0.011007i,0.0037345+0.0041577i,0.0036184+0.00054958i,0.0041614+0.0013078i,0.0049903+0.0045431i
-0.037291-0.31629i,0.0030123-0.27945i,0.022781-0.11841i,0.021488-0.054143i,0.037723-0.11698i,0.053861-0.14451i,0.070634-0.12332i,0.067399-0.11491i,0.032282-0.082792i,0.013897-0.027345i,0.019866-0.0007133i,0.016325+0.0021539i,0.0022423+0.0030153i,-0.0072066+0.0013714i,-0.0094084-0.0011884i,-0.0061179-0.0028545i,0.0010643-0.0058116i,0.0052198-0.0057305i,0.0031002-0.0014422i,-0.00086899+0.0014381i,-0.0021083+0.00040287i,-0.0019628-0.0034106i,-0.0022874-0.0083295i
0.12943+0.25572i,0.086839+0.23682i,0.011002+0.10408i,-0.054561+0.052597i,-0.10788+0.10764i,-0.13008+0.13155i,-0.136+0.12124i,-0.12302+0.12165i,-0.075832+0.093046i,-0.038229+0.035179i,-0.026052+0.00062284i,-0.01392-0.0066407i,-0.0011034-0.0037684i,0.0039517+0.0038098i,0.0062018+0.0099411i,0.0078854+0.012453i,0.0058789+0.011109i,0.0039957+0.0067348i,0.0063503+0.0033216i,0.008094+0.0022005i,0.0043477+0.0024768i,-0.00095678+0.0039503i,-0.0026383+0.0063452i
-0.20342-0.1749i,-0.16321-0.16584i,-0.045995-0.068873i,0.072645-0.034768i,0.15139-0.081287i,0.17298-0.108i,0.16667-0.10992i,0.14017-0.11521i,0.075112-0.090549i,0.022287-0.030041i,0.012387+0.0082202i,0.0096046+0.011788i,0.0033961+0.0063889i,0.00021323-0.00027962i,-0.0043096-0.0057578i,-0.0068564-0.0083949i,-0.0060413-0.0084957i,-0.0040427-0.0058452i,-0.0029631-0.0050641i,-0.003197-0.0078628i,-0.00079364-0.0089191i,0.0027052-0.0075643i,0.004518-0.0081263i
0.22746+0.072041i,0.18945+0.076737i,0.055275+0.01795i,-0.08764-0.0048779i,-0.18649+0.028772i,-0.21273+0.04453i,-0.20586+0.032049i,-0.18719+0.030477i,-0.12149+0.032996i,-0.048009+0.012416i,-0.01941-0.0074368i,-0.011477-0.010123i,-0.0021894-0.0057186i,0.0038123+0.0029717i,0.0086725+0.010062i,0.010884+0.0097956i,0.0074654+0.0070252i,0.0023782+0.004301i,-0.00011593+0.0022738i,0.00027944+0.0032002i,-0.00049094+0.0059658i,-0.0032887+0.0069542i,-0.0058955+0.0071944i
-0.20935+0.0073713i,-0.17868-0.0062817i,-0.05604+0.023553i,0.080922+0.046509i,0.18048+0.022624i,0.19844-0.002676i,0.18095-0.0088853i,0.16046-0.018213i,0.10343-0.026881i,0.038952-0.012098i,0.011025+0.0098798i,0.0028747+0.016279i,-0.0015502+0.008668i,-0.0030579-0.0055142i,-0.0057256-0.016159i,-0.0073044-0.015863i,-0.0046306-0.0094406i,-0.00063876-0.0046762i,-0.00066713-0.0038271i,-0.0024633-0.0064114i,-0.0015363-0.0084054i,0.0027013-0.0084005i,0.0078916-0.0081391i
0.16114-0.077798i,0.14847-0.050239i,0.056534-0.058772i,-0.064353-0.084722i,-0.15939-0.066106i,-0.17856-0.037287i,-0.16601-0.028849i,-0.14316-0.016083i,-0.082272-0.0022837i,-0.020954-0.011276i,0.00058057-0.02169i,0.0033503-0.014694i,0.0041678-0.0021788i,0.0021774+0.0067519i,0.0020045+0.0099087i,0.0044625+0.0067288i,0.0063847+0.001941i,0.00432-0.00094206i,0.0012966+0.0020636i,0.00064397+0.0084846i,-0.0010598+0.01116i,-0.0054165+0.0095146i,-0.010267+0.0077339i
-0.099751+0.10777i,-0.11798+0.078557i,-0.062959+0.084559i,0.038492+0.1244i,0.12422+0.11817i,0.15+0.084683i,0.15486+0.073847i,0.15135+0.066543i,0.10173+0.03792i,0.033213+0.015278i,-0.0001901+0.0097459i,-0.0058474+0.0043866i,-0.0057906-0.0031004i,-0.0038548-0.0079957i,-0.0035927-0.0085136i,-0.0039041-0.0047141i,-0.0031844-0.0013544i,-0.0011017-0.00022734i,0.0017173-0.0024143i,0.0032155-0.0061868i,0.004308-0.0068304i,0.00687-0.0053027i,0.010125-0.0047253i
0.042231-0.10755i,0.085431-0.089501i,0.072151-0.099428i,0.0088348-0.1494i,-0.054953-0.1633i,-0.08647-0.13367i,-0.09893-0.11281i,-0.096683-0.096247i,-0.05905-0.055196i,-0.010564-0.020273i,0.0091458-0.01222i,0.0076883-0.010006i,0.0038401-0.0016203i,0.00071865+0.0074546i,-0.00012911+0.01131i,0.0015803+0.0085408i,0.0039637+0.0044751i,0.0047156+0.0026789i,0.0038307+0.0029394i,0.0023783+0.0050949i,0.00027564+0.0061487i,-0.0034885+0.004048i,-0.0084641+0.0016853i
-0.0015737+0.084932i,-0.059282+0.08871i,-0.0781+0.10837i,-0.048036+0.15652i,-0.0060116+0.17141i,0.021095+0.13617i,0.03542+0.11337i,0.040503+0.10908i,0.02446+0.078666i,-0.001542+0.040935i,-0.013749+0.022013i,-0.013523+0.012082i,-0.010075+0.0048854i,-0.0034988+0.0013472i,0.0024588+0.0017542i,0.0045458+0.0043291i,0.0027494+0.0056556i,0.00055744+0.0036624i,3.1375e-05-0.0019331i,0.00041165-0.007468i,0.00090751-0.0087616i,0.0037552-0.0066712i,0.0074899-0.0031335i
-0.021847-0.053306i,0.039693-0.072511i,0.088387-0.10241i,0.092944-0.16062i,0.059254-0.18624i,0.011652-0.15289i,-0.026625-0.12712i,-0.044191-0.11561i,-0.033259-0.073356i,-0.0031596-0.025621i,0.018507-0.0059518i,0.021677-0.0014801i,0.016358+0.0015492i,0.0083526+0.0010423i,0.00097212-0.0016531i,-0.0016307-0.0020188i,0.0001985-0.00075579i,0.00099573+0.00028082i,-0.00092096+0.0016752i,-0.0035102+0.003643i,-0.0047096+0.0032879i,-0.0061249+0.00059548i,-0.0086515-0.0026628i
0.016933+0.022126i,-0.039078+0.051264i,-0.10493+0.090785i,-0.13784+0.15027i,-0.12303+0.17446i,-0.072061+0.14791i,-0.027083+0.12912i,-0.015097+0.1201i,-0.016935+0.082929i,-0.02009+0.034719i,-0.019607+0.010114i,-0.014251+0.0012821i,-0.0087257-0.0036757i,-0.0035736-0.0037575i,0.00013882-0.0016205i,0.00027563-4.3283e-05i,-0.0019778+0.0010575i,-0.0042013+0.0019145i,-0.0029567+0.0012458i,-0.00022127-0.00080107i,0.00046136-0.00045399i,0.0025872+0.0027087i,0.0072332+0.0061094i
-0.0096529+0.0017991i,0.041787-0.024751i,0.11317-0.064495i,0.16104-0.11514i,0.15745-0.1339i,0.10736-0.12146i,0.059896-0.11957i,0.03938-0.11678i,0.023026-0.082095i,0.012134-0.034484i,0.012132-0.0082859i,0.01069-0.002347i,0.0041495-0.0033251i,-0.0031626-0.0065247i,-0.0077772-0.0087975i,-0.0068987-0.0072694i,-0.0019678-0.0045929i,0.0022472-0.0023327i,0.0026191+0.00080298i,0.00076889+0.0028569i,0.00029616+0.0022629i,-0.00085281-0.0014334i,-0.003601-0.0066145i
-0.0097187-0.012984i,-0.057812+0.0098328i,-0.12794+0.044073i,-0.17755+0.082883i,-0.172+0.094223i,-0.11682+0.08035i,-0.071001+0.075469i,-0.051214+0.071664i,-0.032203+0.045999i,-0.021816+0.013658i,-0.023982-0.00047459i,-0.022431+0.00067323i,-0.016044+0.005542i,-0.0098909+0.0089682i,-0.0039188+0.0072993i,-0.0010526+0.0018884i,-0.0024566-0.0019416i,-0.0032673-0.003316i,-4.8071e-05-0.0027221i,0.003535-0.00031133i,0.004424+0.0019522i,0.0045342+0.0033409i,0.0050376+0.005761i
0.027988+0.011676i,0.071717-0.0047418i,0.13942-0.021564i,0.19552-0.037995i,0.19081-0.050702i,0.12869-0.059447i,0.081871-0.071651i,0.066025-0.072302i,0.048492-0.05017i,0.029044-0.020727i,0.018552-0.0019937i,0.012102+0.0053385i,0.0079106+0.0068074i,0.0067297+0.0040453i,0.005522+0.0005515i,0.0035015-0.00068747i,0.0024309-0.0017595i,0.0028309-0.0033202i,0.0016921-0.003838i,-1.4934e-05-0.0040884i,-0.00064999-0.0062464i,-0.0026856-0.0082352i,-0.0048964-0.0091328i
-0.034476-0.0020353i,-0.069953+0.0077109i,-0.12504+0.0017034i,-0.17291-0.013726i,-0.16877-0.016387i,-0.12226+0.0015067i,-0.091353+0.029714i,-0.072574+0.040456i,-0.040502+0.024139i,-0.015347-0.00046817i,-0.0081069-0.010762i,-0.0042656-0.0090982i,2.2459e-05-0.0059622i,0.0020598-0.0023388i,0.0032435+0.00017872i,0.0042178-0.00015313i,0.0025898-0.00090428i,0.00014729-0.0011198i,0.00036794-0.0017243i,0.0010889-0.0011583i,0.00082679+0.0019552i,0.0012462+0.0055743i,0.0019005+0.0088149i
0.037133-0.0056821i,0.067115-0.0059324i,0.11692+0.019235i,0.15829+0.047276i,0.14464+0.046528i,0.09688+0.021002i,0.07674-0.0023637i,0.072286-0.00789i,0.0488-0.0027318i,0.023896+0.0037976i,0.013429+0.0046631i,0.0076957+0.002265i,0.0039318-0.0016731i,0.0039479-0.0049172i,0.0050187-0.0034201i,0.0053623+0.00043715i,0.0057419+0.0037467i,0.004032+0.0053909i,0.0002545+0.0042203i,-0.0031652+0.00060285i,-0.0046019-0.0024191i,-0.0034005-0.0030927i,-0.0013608-0.0039426i
-0.037761+0.017028i,-0.062954+0.0054131i,-0.10555-0.038162i,-0.14022-0.083344i,-0.12643-0.085919i,-0.085848-0.049606i,-0.072007-0.018228i,-0.069847-0.0054257i,-0.047368+0.0005071i,-0.018824-0.00056612i,-0.0053721-0.0053973i,-0.0039021-0.0099889i,-0.0073496-0.01101i,-0.011502-0.0070359i,-0.010799-0.0031281i,-0.0052487-0.0018044i,-8.0643e-06-0.001967i,0.0035174-0.00092468i,0.0049537+0.0011501i,0.0035367+0.0025383i,0.0018647+0.0042108i,0.0020908+0.0040765i,0.0012959+0.0029261i
0.021383-0.028032i,0.04355-0.0047494i,0.074173+0.057341i,0.093692+0.12033i,0.079629+0.12682i,0.056626+0.076759i,0.056087+0.0339i,0.054132+0.024672i,0.031969+0.027047i,0.011138+0.02633i,0.0030814+0.021105i,4.6301e-05+0.016866i,-0.00077623+0.016379i,0.0018947+0.014968i,0.002935+0.011688i,0.0004234+0.0080012i,-0.00096499+0.0057717i,-0.00082959+0.0047893i,-0.00030763+0.0026773i,0.00016755+0.001205i,0.00056084+0.00073956i,0.00096293-0.00057788i,0.0007347-0.0027405i
-0.014512+0.023418i,-0.035739+0.00075394i,-0.062224-0.062901i,-0.065738-0.1232i,-0.041565-0.12441i,-0.028995-0.079323i,-0.044622-0.049895i,-0.053539-0.039212i,-0.036694-0.023368i,-0.012623-0.0090641i,-0.00021674-0.0034202i,0.0043633-0.0029394i,0.0059617-0.0055529i,0.0026196-0.0071661i,-0.00082464-0.0051434i,-0.00049129-0.0031713i,0.00065143-0.0037517i,0.00083706-0.0046394i,-3.7616e-05-0.0039745i,-0.00011137-0.0023542i,0.0013693-0.0012587i,6.7488e-05-0.00079663i,-0.0039343+0.00086016i
-0.0034014-0.024975i,0.015359+0.0015109i,0.037178+0.070565i,0.039047+0.13511i,0.022155+0.1327i,0.017882+0.07915i,0.029081+0.043433i,0.031107+0.03541i,0.01882+0.024041i,0.0035797+0.011008i,-0.0035535+0.0074415i,-0.003979+0.0091244i,0.00046369+0.0092708i,0.0069184+0.0065974i,0.0075636+0.0034976i,0.0028377+0.0017223i,-0.0018186+0.0014094i,-0.004403+0.0016079i,-0.0032747+0.0018406i,-0.00033488+0.00095816i,0.00052867-0.00077087i,0.00057804-0.00068314i,0.0027576+0.00035922i
0.015562+0.019201i,0.0029872-0.005002i,-0.006775-0.072625i,0.0057829-0.13721i,0.021152-0.13589i,0.0061628-0.08808i,-0.020665-0.057518i,-0.027853-0.050244i,-0.019503-0.041014i,-0.00906-0.026984i,-0.0016501-0.017091i,0.0014508-0.013044i,-0.00044055-0.012891i,-0.0033224-0.014449i,-0.0028104-0.012701i,0.0016891-0.0080501i,0.0050279-0.0050812i,0.0043844-0.0040267i,0.0011244-0.0028446i,-0.0016428-0.0018605i,-0.0035251-0.001216i,-0.004312-0.0014797i,-0.0043291-0.0015354i
-0.027663-0.0078704i,-0.021112+0.013414i,-0.014209+0.068036i,-0.028866+0.11303i,-0.045449+0.098387i,-0.029624+0.057753i,-0.0021089+0.040682i,0.0076046+0.033098i,0.0014144+0.017664i,-0.0069871+0.0053347i,-0.0093136+0.0025578i,-0.0086354+0.0051294i,-0.0084358+0.0091923i,-0.0082137+0.011011i,-0.0058907+0.008322i,-0.0041548+0.0029348i,-0.0039298+8.8621e-05i,-0.0023527-0.00019108i,0.00024415-0.00047615i,-1.5165e-05-0.00022815i,-0.00094043+0.0010732i,0.00090602+0.0021945i,0.0038921+0.0012033i
0.025439-0.010286i,0.022754-0.028172i,0.024612-0.067897i,0.041916-0.099571i,0.048116-0.082527i,0.025144-0.049359i,0.0029484-0.040529i,-0.0011933-0.036247i,0.00082244-0.021539i,0.0021402-0.0083374i,0.0023881-0.0051947i,0.0028528-0.0059334i,0.0037827-0.0047988i,0.0038912-0.0022089i,0.0038785+0.00067386i,0.0047279+0.002863i,0.0049826+0.0026184i,0.0040417+0.00038178i,0.0023124-0.00090564i,0.00075224+0.00036415i,2.4442e-05+0.0020823i,-0.00057243+0.0009715i,-0.0027205-0.00054068i
-0.019364+0.018134i,-0.025848+0.033449i,-0.039855+0.062039i,-0.066864+0.083329i,-0.071739+0.066089i,-0.042336+0.03795i,-0.016501+0.031148i,-0.0061096+0.030008i,0.00059251+0.021379i,0.0039737+0.010807i,0.0021283+0.0048609i,-0.00080256+0.0024334i,-0.0025127+0.0020444i,-0.0018888+0.0045192i,-0.00026866+0.0056451i,0.00026206+0.0030767i,-0.00077971+0.0021746i,-0.00083185+0.0023411i,0.00094882+0.0001981i,0.0017488-0.0016879i,0.0017078-0.0017373i,0.0019495-0.0010347i,0.0021474+0.00048814i
0.0096902-0.023169i,0.018885-0.030497i,0.042719-0.041587i,0.075836-0.043695i,0.077688-0.025223i,0.045237-0.014634i,0.022095-0.021455i,0.01744-0.019504i,0.017134-0.0068547i,0.015083+0.0010168i,0.0095528+0.00039004i,0.0058224-0.0026224i,0.0081703-0.0057213i,0.011364-0.007307i,0.0097853-0.0049155i,0.0063522+0.00015997i,0.0054589+0.0036638i,0.0046947+0.003962i,0.0024593+0.0031101i,0.0017384+0.0018197i,0.0015189+7.0021e-06i,0.00026382-0.0010204i,-0.0012097-0.00094968i
-0.003619+0.024444i,-0.018274+0.029582i,-0.043908+0.033826i,-0.068243+0.026615i,-0.061106+0.0046694i,-0.033103-0.0039878i,-0.021042+0.0063762i,-0.019245+0.013217i,-0.011269+0.0067803i,-0.0021024-0.0023963i,0.0017412-0.0050296i,-0.00060384-0.0040401i,-0.0071452-0.0024739i,-0.012743-0.0023418i,-0.011735-0.0038783i,-0.0062362-0.0061855i,-0.002575-0.0061874i,-0.0008075-0.0033074i,8.4221e-05-0.0011774i,3.3966e-05-0.00080237i,-5.0768e-05-0.0015567i,0.00015703-0.0025197i,0.00053354-0.0022622i
-0.0033302-0.021783i,0.016131-0.025714i,0.048578-0.02378i,0.075817-0.011392i,0.068053+0.0054106i,0.036645+0.0022615i,0.019129-0.010944i,0.011761-0.012275i,0.002836-0.0052228i,-0.0042273+0.0015309i,-0.0048233+0.004215i,-0.0016463+0.0055253i,0.0026299+0.0062837i,0.0041493+0.0057569i,0.00076927+0.0044256i,-0.0026+0.003045i,-0.0031417+0.0017287i,-0.0029577+0.00040521i,-0.0022541-0.00012441i,-0.00021139-0.00054391i,3.8276e-05-0.0010563i,-0.00024044-0.0008388i,-3.3826e-05-0.00042308i
0.0067768+0.011339i,-0.013005+0.013888i,-0.045239+0.0041089i,-0.068733-0.018265i,-0.060075-0.036796i,-0.035527-0.027107i,-0.027127-0.0060561i,-0.027875+0.0021195i,-0.023955+0.00070299i,-0.016181-0.0024116i,-0.0081126-0.003512i,-0.0041477-0.002435i,-0.0059541-0.00085335i,-0.0088402+0.0015483i,-0.0077366+0.0017361i,-0.0038929-0.0010199i,-0.0017692-0.0030359i,-0.0017952-0.0032556i,-0.001935-0.0015799i,-0.0016897-5.063e-05i,-0.001448+0.00054581i,-0.00086568+0.00088099i,-0.0005154+0.00083562i
-0.0085819-0.0053423i,0.01049-0.0064148i,0.038444+0.004742i,0.052996+0.025623i,0.035737+0.033997i,0.012531+0.017363i,0.0072143+0.000163i,0.0067455-0.0022625i,0.0035642+0.002901i,0.00070868+0.0093931i,-0.00092285+0.012038i,0.00077693+0.010969i,0.0064935+0.0086371i,0.010806+0.0065832i,0.010579+0.0054615i,0.0070375+0.0045191i,0.0027909+0.0042332i,-0.00047451+0.0032441i,-0.0020725+0.00068988i,-0.0014003-0.001017i,-0.00041912-0.0001941i,-3.8727e-06+0.00099683i,0.00027084+0.00064203i
0.0063493+0.0017406i,-0.0106+0.0030359i,-0.038764-0.0090536i,-0.054022-0.030315i,-0.039269-0.03594i,-0.021026-0.02058i,-0.018633-0.0089473i,-0.016564-0.0070959i,-0.0075709-0.0066978i,0.00055142-0.0065793i,0.0022254-0.0074046i,-0.00013819-0.0084516i,-0.0041217-0.010878i,-0.00496-0.011892i,-0.0014394-0.0083548i,0.0030481-0.0042529i,0.0055381-0.00098322i,0.0055955+0.0018781i,0.0036886+0.00244i,0.0016972+0.0024387i,0.0019709+0.0019811i,0.0022462+0.00093892i,0.0012234+0.00085871i
-0.0071361+0.00057887i,0.0058154+0.0029082i,0.027112+0.020312i,0.036363+0.044532i,0.023823+0.046589i,0.012583+0.024154i,0.013095+0.0066741i,0.014392+0.0013424i,0.012904+0.000322i,0.0098101+0.00091883i,0.0057081+0.0017178i,0.0026562+0.0025183i,0.0024562+0.0026061i,0.0030228+0.0018802i,0.0032544+0.0001877i,0.002143-0.00077834i,0.00087804-0.00037178i,0.00096373-0.0014983i,0.0020914-0.0023522i,0.0016029-0.0013342i,-0.00010172-0.00076988i,-0.00044608-0.0010335i,0.00016774-0.0012574i
-0.00019574-0.0057118i,-0.0075588-0.008607i,-0.018823-0.0221i,-0.017043-0.039623i,-0.0019881-0.0382i,0.0037561-0.02239i,-0.00091756-0.01568i,-0.0023348-0.013752i,-0.00086396-0.011194i,-0.00037655-0.010732i,-0.0026353-0.010332i,-0.0049411-0.0082569i,-0.0055099-0.0067272i,-0.0059858-0.0057721i,-0.0063752-0.0031572i,-0.0039001+0.00011295i,-0.00014927+0.0010302i,0.0017662+3.062e-05i,0.0016549-0.00077073i,0.0015167-5.9333e-05i,0.0017306-5.4326e-05i,0.0015612-4.4351e-05i,0.00082858+0.00088643i
0.001661+0.0042548i,0.010619+0.0089602i,0.020525+0.023973i,0.019376+0.037199i,0.0087066+0.029183i,0.0056094+0.010204i,0.0084198+0.0036395i,0.0065057+0.005434i,0.00089332+0.006515i,-0.0018591+0.0058359i,-0.0011032+0.0040507i,-0.00026731+0.0040784i,0.0004509+0.0077845i,0.00059601+0.012052i,4.9951e-05+0.011714i,-0.00046891+0.0061901i,-0.0013088+0.0012776i,-0.0024924-0.00092091i,-0.002146-0.0021225i,-0.0012243-0.0027851i,-0.00084666-0.0026346i,-0.0013369-0.0026066i,-0.002137-0.0027648i
-0.0055185-0.0027694i,-0.010587-0.0071739i,-0.012053-0.020769i,-0.0016592-0.036003i,0.00818-0.033641i,0.0034616-0.020783i,-0.0039471-0.014663i,-0.0060145-0.010454i,-0.0060392-0.0025365i,-0.0049708+0.0040836i,-0.0035571+0.0053934i,-0.0010346+0.0035613i,0.0024653+0.00043209i,0.0039609-0.0019426i,0.0030771-0.0023007i,0.0022923-0.0011814i,0.0010095+0.00017946i,-0.0014395+0.0019093i,-0.0031716+0.0028569i,-0.0030649+0.0017505i,-0.00087248+0.00057747i,0.00053792+0.00021949i,0.00049464+0.00096268i
0.0039291+0.0058107i,0.0046684+0.010636i,0.0045466+0.021628i,-0.0059334+0.028473i,-0.016698+0.018285i,-0.014053+0.00667i,-0.0079749+0.0067472i,-0.0056096+0.010136i,-0.0022131+0.010272i,0.0016925+0.0071765i,0.0036132+0.0028626i,0.0029212+0.00088774i,0.0011046+0.00189i,0.00059695+0.0029918i,0.0026664+0.0024228i,0.0038226+0.00083779i,0.0030158-0.0001072i,0.0030616-9.7544e-05i,0.0029329+0.00056183i,0.0020886+0.00012916i,0.00054189-0.00097764i,-0.0012057-0.0017701i,-0.0019213-0.0016786i
-0.0057926-0.0014377i,-0.0063809-0.0062486i,-0.0023093-0.014145i,0.0079949-0.018182i,0.011585-0.0092746i,0.0039397-0.0020038i,-0.0027401-0.0044108i,-0.0039505-0.005407i,-0.0025273-0.0034391i,-0.00026073-0.0013528i,0.0025247+0.00082025i,0.0042978+0.0010782i,0.0031496-0.0027522i,0.0012308-0.0079199i,0.00023152-0.010113i,-0.00078514-0.0088536i,-0.00072527-0.0051936i,0.00010258-0.0017674i,0.00036403-0.00089612i,-3.3065e-05+0.00016154i,0.00047901+0.0016275i,0.0020902+0.0020087i,0.0023917+0.0012315i
0.0024399+0.00217i,-7.717e-05+0.0058112i,-0.0064975+0.015802i,-0.016173+0.021514i,-0.0192+0.012108i,-0.011537+0.00357i,-0.0042971+0.0046946i,-0.0013271+0.0050331i,6.3848e-05-0.00010016i,-0.0016582-0.005618i,-0.0043552-0.0081098i,-0.0057707-0.0076639i,-0.0074418-0.0045317i,-0.0080337+0.00036076i,-0.0062886+0.0044464i,-0.0028938+0.0057082i,0.0014445+0.0046049i,0.0041286+0.0015669i,0.0045136-0.0014797i,0.0036449-0.0021114i,0.0014818-0.0012636i,-0.00061037-0.00059125i,-0.0019228-0.00080488i
-0.0051136-0.0037847i,-0.0043719-0.0067114i,0.0047253-0.012204i,0.018451-0.0109i,0.021564-0.001751i,0.012408-0.00089438i,0.0046922-0.0067356i,0.0011884-0.0083058i,-0.00057588-0.0056927i,-0.0016776-0.0022665i,-0.001485+0.00090999i,-0.00062742+0.0028679i,-6.8571e-05+0.0024424i,0.00065564+0.00099224i,0.00051557-0.00044656i,0.00037773-0.0014877i,0.00071965-0.0018115i,4.5621e-05-0.0015795i,-0.0016864-0.0013206i,-0.0017632-0.00096558i,0.0007179-0.00039589i,0.0024795-7.3123e-05i,0.0021592-0.00013409i
0.0049439+0.0012729i,0.0011946+0.0055867i,-0.0065486+0.0094213i,-0.015311+0.0059979i,-0.014796-0.0030174i,-0.0086964-0.0064616i,-0.0062046-0.0048387i,-0.0043044-0.0027093i,-0.0026776-0.0011068i,-0.0039288-0.0018481i,-0.0067588-0.0031264i,-0.0075739-0.0020489i,-0.0051527+0.0012786i,-0.0019869+0.0044551i,-0.00014768+0.0085805i,0.0013475+0.010486i,0.002747+0.0078789i,0.0022219+0.0041806i,0.0008325+0.0021908i,-0.00012463+0.00052899i,-0.00072544-0.0013784i,-0.0014495-0.001214i,-0.0021953+0.00010181i
-0.0041513-0.0018234i,0.0011157-0.0070002i,0.0095538-0.010627i,0.016979-0.0086937i,0.01403-0.0040006i,0.0046051-0.005111i,-0.00097988-0.0075719i,-0.0027381-0.0048354i,-0.0010772+0.0004775i,0.0034821+0.0049344i,0.0060796+0.0056291i,0.0065668+0.0040178i,0.0071526+0.0019188i,0.0079389-0.00072926i,0.0080376-0.003814i,0.0063537-0.0066148i,0.003142-0.0064201i,0.00061412-0.0039572i,0.00048848-0.0010718i,0.0011827+0.00015291i,0.0009278-0.00047167i,0.00077369-0.0012968i,0.00070442-0.0014828i
-0.0057088-0.0070192i,-0.009728-0.0016566i,-0.014942+0.0020347i,-0.01852-0.00083195i,-0.015185-0.0056394i,-0.011109-0.0048482i,-0.010393-0.0038705i,-0.0091093-0.0030555i,-0.0048974-0.00095284i,-0.0012818-0.00053766i,-0.0011046-3.6684e-05i,-0.0019093+0.00056473i,-0.0021745-0.00079826i,-0.0038749-0.0023183i,-0.0056324-0.0026033i,-0.0049646-0.00092334i,-0.0031327+0.00060742i,-0.001661+0.00049606i,5.0514e-05-0.00033429i,0.0009493-0.0010197i,-0.0010485-0.0013403i,-0.0012475-0.0013325i,0.00024197-0.00071999i
0.0071291-0.0014708i,0.0073539-0.002822i,0.0073452-0.00032814i,0.0081883+0.0055056i,0.0041585+0.0066289i,0.00043685+0.0012359i,0.00021768-0.0014186i,-0.00059333+2.3637e-05i,-0.00085731+0.0023938i,0.0018091+0.0031395i,0.0052561+0.0010354i,0.0058662-0.0012867i,0.0039663-0.0010918i,0.0018131+0.00022239i,0.0012387-0.0014414i,0.0014753-0.0042918i,0.00068032-0.0037715i,-7.4512e-05-0.0026826i,0.00018229-0.0025612i,0.00024115-0.0012469i,0.00017457-5.2093e-05i,-0.00018986-0.00063218i,-0.00096404-0.0017653i
-0.0034689+0.0022202i,-0.0053751+0.0036393i,-0.009917+0.0017512i,-0.013502-0.002075i,-0.0098506-0.0032025i,-0.0056667-0.0018705i,-0.0043171-0.0027056i,-0.0045328-0.0027334i,-0.0056906-0.002401i,-0.0059812-0.0020243i,-0.0052133-0.00053617i,-0.0037265+0.00032845i,-0.0039859-3.4406e-05i,-0.0067281+5.1315e-05i,-0.0088209+0.0012985i,-0.0074341+0.0024162i,-0.0039059+0.0026703i,-0.0015988+0.0018853i,-0.0012236+0.00069453i,-0.00069441-0.00030604i,0.00050222-9.1274e-05i,0.00033304+0.00068496i,-0.00015767+0.0011986i
-0.00016735-0.0059756i,0.00045067-0.0058517i,0.0067388-0.0013217i,0.013066+0.0030566i,0.010737+0.0023958i,0.0058282-0.0026137i,0.0045385-0.0060138i,0.0035701-0.0043093i,0.0018115-0.0007189i,-3.4023e-05+0.00049942i,-0.0013214-0.00040736i,-0.0027439-0.00098259i,-0.0019014+0.0014628i,0.0034727+0.0051488i,0.0083466+0.0058967i,0.0089784+0.0048007i,0.0071227+0.0034067i,0.004415+0.0012118i,0.0020313-0.0001443i,0.0012974+0.00037283i,0.0014952+0.00073476i,0.0011538+0.00059351i,0.00080819+0.00069419i
0.002563+0.0062845i,0.0023576+0.004642i,-0.00084505+0.00057184i,-0.00086286-0.0044156i,0.0024592-0.004671i,0.0024324-0.0042033i,-0.00079021-0.005407i,-0.0030567-0.0054425i,-0.004014-0.0039621i,-0.0041875-0.0014305i,-0.0035525+4.7187e-05i,-0.0025084+0.00032128i,-0.0011966-0.0012501i,-0.00096379-0.0036462i,-0.0016059-0.0037249i,-0.0015519-0.0029507i,-0.00016135-0.0025827i,0.000181-0.0018353i,0.00065989-0.0012606i,0.0022385-0.0011109i,0.0017665-0.0014836i,0.00096776-0.001484i,0.00085122-0.00047192i
-0.0079192-0.0033331i,-0.0020244-0.0025225i,0.004308+0.0018665i,0.0060788+0.0062215i,0.0030376+0.0032509i,0.0013411-0.0017808i,0.0022575-0.0031543i,0.0030718-0.0024213i,0.0022874-0.0012516i,0.0017034-0.0006175i,0.00069035+0.00062787i,9.9068e-05+0.0026132i,0.0010516+0.0033979i,0.0032272+0.0032679i,0.0051893+0.0024357i,0.0056298+0.00077117i,0.0039755+0.00058301i,0.001455+0.0002883i,0.00027482-0.00074905i,-0.001144-0.0010515i,-0.0019707-0.00012783i,-0.00053994+0.0007724i,0.00072303+0.00038591i
0.0031054-0.0023431i,-0.00060998-0.00025911i,-0.0035409-0.00067214i,-0.0018024-0.0048278i,0.0010304-0.0063634i,0.0014573-0.0055996i,0.00029973-0.0042117i,-0.00076359-0.002076i,-0.0011213-0.0022819i,-0.00032792-0.003541i,0.0010975-0.00388i,0.0027344-0.0040381i,0.0017907-0.0042804i,-0.0024835-0.0042649i,-0.0051619-0.0033307i,-0.0045301-0.0024631i,-0.0033821-0.0032364i,-0.0023176-0.0026554i,-0.0015961-0.0015585i,-0.00075301-0.0021825i,-0.00024493-0.0026929i,-0.00056016-0.002321i,-0.0014453-0.00080294i
-0.0021464+0.0080615i,-0.0027682+0.0085594i,-0.0032058+0.0095511i,-0.005369+0.010117i,-0.0068457+0.006124i,-0.005992+0.0026235i,-0.00402+0.001948i,-0.0018498+0.0012678i,-0.00042903+0.001259i,-3.4586e-05+0.00098767i,0.00032434+0.001913i,0.00011574+0.0041315i,-0.00073488+0.0051977i,-0.00040209+0.0045265i,-0.0002255+0.0030987i,-0.00075042+0.0016125i,-0.0010086+0.0014716i,-0.0013129+0.0024919i,-0.0018752+0.002615i,-0.0026467+0.0018245i,-0.0019031+0.0012184i,-0.00069681+0.001474i,-0.00066027+0.0014096i
-0.0035065-0.0058508i,-0.0010035-0.0052331i,-0.00082606-0.005492i,-0.00058819-0.0059901i,0.0010063-0.003891i,0.0014797-0.0031117i,0.0005308-0.0035423i,-0.00098067-0.0019193i,-0.0019662-5.3896e-05i,-0.0011244-0.0012358i,-1.112e-05-0.0048517i,0.00060266-0.007899i,0.00089511-0.0082703i,0.00060943-0.0059759i,-4.8918e-05-0.002061i,0.00013761+0.0011395i,0.001285+0.001768i,0.0033937+0.0012026i,0.0046074+0.00095664i,0.003618+0.00072104i,0.0023038+0.00010361i,-5.8864e-05-0.0004551i,-0.0014155-0.00016175i
0.002744-0.0017902i,-0.002906-0.00054905i,-0.0060422+0.001925i,-0.0059744+0.0034302i,-0.0054291+0.0026384i,-0.0039414+0.0016715i,-0.0035579+0.0006031i,-0.002886+7.9488e-05i,-0.00043734+0.00010591i,0.0005947+0.0013472i,6.8546e-05+0.0043259i,-0.00061909+0.0069456i,-0.0020557+0.0075186i,-0.0030588+0.005382i,-0.002911+0.0026449i,-0.0020923+0.00080719i,-0.0010971-0.00037888i,-0.00095344-0.00053023i,-0.00059166+4.2802e-05i,0.00028636-0.00028813i,0.00039768-0.00030765i,0.00049662+0.00055622i,0.00092474+0.00025393i
-0.0013389+0.00013997i,0.002237-0.0024787i,0.0049975-0.006197i,0.0061163-0.0068562i,0.0052457-0.0045927i,0.00098302-0.0040257i,-0.0016885-0.005374i,-0.0023373-0.0044115i,-0.0019797-0.002008i,-0.0015306-0.0019927i,-0.0022721-0.0041051i,-0.0039148-0.006085i,-0.0031731-0.0054493i,-0.00064928-0.0029516i,0.0014111-0.0006773i,0.0035009+0.0018531i,0.0042478+0.00232i,0.0035142+0.00034427i,0.002514-0.00090141i,0.0027617-0.001519i,0.0024206-0.0019102i,0.0013769-0.0019115i,0.00083499-0.0020147i
0.0019451-0.0014513i,0.00082949+0.0021613i,-0.00016457+0.004143i,-0.00079577+0.0027348i,-0.0015704-0.00029837i,-0.0029936-0.00099821i,-0.0041537-5.3135e-05i,-0.0031986+0.00074614i,-0.00052076+0.00084794i,0.0021107+0.001519i,0.0043035+0.0040389i,0.0055214+0.0061524i,0.0035559+0.0064868i,5.6281e-05+0.0041882i,-0.0013663+0.00060111i,-0.0013266-0.0026212i,-0.0017348-0.0040725i,-0.0027769-0.003099i,-0.0031873-0.001841i,-0.0030704-0.0011043i,-0.0025857-0.00093023i,-0.001909-0.00069584i,-0.0012535-0.00082634i
-0.0016167+0.0029832i,0.00093246+0.00051926i,0.003963+0.00014268i,0.0066968-0.00089615i,0.0061555-0.0040406i,0.0018335-0.0063213i,-0.0019008-0.0060566i,-0.0026255-0.0036456i,-0.001616-0.00032299i,-0.0019188-0.00056285i,-0.0024534-0.0036395i,-0.0015362-0.0054378i,-0.00024904-0.0054284i,0.002266-0.0036772i,0.004322-0.00061313i,0.0032209+0.0014969i,0.0019707+0.0023414i,0.0020242+0.0024447i,0.0019358+0.0023945i,0.00098773+0.0021232i,0.00081245+0.0015308i,0.00076125+0.00061324i,-0.00057814-0.00039956i
-0.0017137-0.0031316i,-0.0040863+0.0021865i,-0.0069087+0.0037262i,-0.0081315+0.0018669i,-0.0071507+0.00018535i,-0.0041927-0.001881i,-0.0024282-0.002877i,-0.0017321-0.0014808i,-0.00057803+0.00071463i,0.0017555+0.0029906i,0.0046684+0.0046547i,0.0055853+0.0032981i,0.0031455+0.0010398i,-0.0007452-0.000839i,-0.0027405-0.0021915i,-0.0029269-0.0029342i,-0.0023958-0.0033729i,-0.0020532-0.0027486i,-0.0020522-0.0011263i,-0.0013361+0.00062219i,-0.00098946+0.00036868i,-0.0010475+0.00042712i,-0.0011009+0.0016439i
0.0032257-0.00066135i,0.0020267-0.004451i,0.0010726-0.0046331i,0.00055153-0.0018968i,-0.00020246-0.0013303i,-0.0013785-0.003689i,-0.0031239-0.0048478i,-0.0042853-0.0027797i,-0.003569+0.00033123i,-0.0039251+0.00078921i,-0.0064317-0.0010673i,-0.008013-0.0015777i,-0.0060633-0.0010565i,-0.0024191+0.00076417i,-8.0792e-05+0.0024116i,0.00063762+0.0028387i,0.00088678+0.0029439i,0.0022005+0.001851i,0.0039695+0.0013534i,0.0030418+0.0011072i,0.0025268+0.00051041i,0.0019767+0.0001788i,0.00041538-0.00028827i
-0.0056029+0.00056359i,-0.003796+0.004731i,-0.003164+0.0049673i,-0.0029913+0.0031443i,-0.0019161+0.0016683i,-0.001447-0.00025773i,-0.0023788-0.0026332i,-0.0039602-0.0031264i,-0.0034143-0.0013104i,-0.00018873+0.00033367i,0.0039712+0.00011528i,0.0057234-0.00065638i,0.0028381-0.00056732i,-0.001048-0.00037934i,-0.0019854-0.00046253i,-0.00011559-0.0014852i,0.0011192-0.0025661i,4.6158e-06-0.0033318i,-0.0012912-0.0026882i,-0.0012349-0.0019376i,-0.0007345-0.0015224i,0.00011147-0.00084461i,0.00095012-0.00084582i
-0.0039275-0.0097547i,-0.0045227-0.0078562i,-0.0018805-0.0040174i,0.0024699+7.1834e-05i,0.003896+0.0012694i,0.0022792-0.0007831i,-0.0004297-0.0024704i,-0.0034433-0.0014389i,-0.0047573-0.00023298i,-0.006319+0.00031886i,-0.0089577+0.0020208i,-0.0080945+0.004643i,-0.0032045+0.0062857i,0.0014947+0.0066965i,0.0034089+0.006297i,0.0019597+0.0047233i,0.00029228+0.0031162i,0.00064425+0.0019683i,0.0015921+0.00026532i,0.0017706-0.0011322i,0.00090033-0.0014355i,-0.00020368-0.0017i,-0.0011662-0.0010869i
0.0036015+0.0023535i,0.0028856+0.0037668i,0.00071691+0.0021495i,-0.00045438-0.00010102i,-0.00065374-0.0012151i,-0.00068004-0.0024965i,-0.0018183-0.0045521i,-0.0029564-0.0052272i,-0.0027227-0.0044961i,-0.0016807-0.0040865i,-0.00027845-0.0041103i,0.0011315-0.0051746i,0.0012111-0.0064787i,4.8164e-05-0.0062262i,0.00038907-0.0046288i,0.0026258-0.0029017i,0.0035004-0.001553i,0.0021372-0.00064209i,-0.00047399-0.00029693i,-0.0025475-0.00014099i,-0.0026384+0.00013701i,-0.0017594+8.9859e-05i,-0.0015185-0.00073252i
-0.0042824-0.0014826i,-0.0057767-0.00093743i,-0.0036013+0.00057271i,-1.1522e-05+0.0018186i,0.0010842-0.0001811i,-9.3897e-06-0.0027874i,-0.00024518-0.0028809i,0.00096044-0.0022102i,0.001965-0.0012291i,0.00031271+0.00036296i,-0.0024943+0.0024943i,-0.002214+0.004355i,0.00045778+0.0039702i,0.0024007+0.0023488i,0.0021199+0.0012639i,-1.8188e-06+0.00064955i,-0.00078944-0.00053082i,0.00095655-0.0010941i,0.0023392-0.00021046i,0.0016453+0.00098845i,0.00034061+0.00044665i,-0.00072658+0.00034907i,-0.00082535+0.0020256i
0.0013448-0.0032865i,9.8751e-05-0.0040788i,-0.0026902-0.0040063i,-0.0031001-0.0036741i,-0.0016126-0.0036269i,-0.00088313-0.005156i,-0.00062606-0.0069719i,-3.4061e-05-0.0068942i,0.00089745-0.0055585i,0.0030198-0.0041995i,0.0036102-0.004821i,0.0010644-0.0071226i,-0.001552-0.0081509i,-0.0032056-0.0071381i,-0.0033243-0.004441i,-0.001824-0.0018722i,-0.00025237-0.0011793i,0.00025496-0.00045306i,0.00025153+6.5959e-05i,0.00092989+0.00037593i,0.0011432+0.0010804i,0.00096083+0.00086026i,0.0013094+0.00027224i
-0.0022988-0.00094899i,-0.0031542+3.6644e-05i,-0.0015096+6.3813e-05i,0.00013063-0.00018797i,-0.00044089-0.0012444i,8.2611e-05-0.0012627i,0.0019638-0.0013111i,0.0039132-0.0015023i,0.0054436-0.0013768i,0.0046981-0.00026377i,0.00275+0.0026577i,0.0020122+0.0053472i,0.0025225+0.00598i,0.0023162+0.0051341i,-0.00012954+0.0041111i,-0.0022336+0.0028173i,-0.0021063+0.00202i,-0.00062562+0.0013659i,0.00092057+0.00034251i,0.0018886-0.00071115i,0.0020526-0.0021825i,0.00092131-0.0018726i,0.00035677-0.00052645i
0.0082396+0.00074734i,0.0097405+0.0013233i,0.008632+7.7453e-06i,0.006084-0.0021367i,0.0039795-0.0019555i,0.00088097-0.0018425i,-0.0012361-0.001847i,-0.001495-0.00022348i,-0.00046+0.0011045i,0.00091459-0.00039974i,0.00091852-0.0033391i,-0.0006486-0.0039708i,-0.0021247-0.0026297i,-0.0023116-0.0013991i,-0.0011714+3.3945e-05i,0.00056251+0.00037143i,0.0016282-0.00086558i,0.0012058-0.0011935i,0.0003416-0.00084281i,-0.00069164-0.0010159i,-0.00075939-0.0015969i,0.00020506-0.0022678i,-0.00014818-0.002797i
-0.0068921+0.0034353i,-0.0084997+0.0044189i,-0.006093+0.004147i,-0.0023789+0.0046015i,-0.00037583+0.0030448i,-0.00051242-0.00010796i,-0.0015023-0.0016712i,-0.0023732-0.00038839i,-0.00186+0.0019136i,-0.00089687+0.0039064i,-0.00036461+0.0056835i,0.0012631+0.0047311i,0.0030787+0.0023293i,0.0027103+0.0011001i,0.0017597+0.0019336i,0.001626+0.002449i,0.001475+0.0022608i,0.0011411+0.0016511i,0.00057472+0.0011105i,-0.00078223+0.0014715i,-0.0017111+0.00088416i,-0.0018456-0.000106i,-0.0020897+0.00026303i
-0.00091772-0.010087i,-0.0013288-0.0094495i,-0.0025822-0.0055533i,-0.0018321-0.0022631i,0.00018808-0.0016494i,-0.00036316-0.0014876i,-0.0032908-0.00095938i,-0.0051195+0.0019924i,-0.0048721+0.004688i,-0.0032174+0.0041009i,-0.0019231+0.0024983i,-0.0023378+0.001858i,-0.0030273+0.0014486i,-0.0020612+0.0010412i,0.00028648-0.00047777i,0.0010469-0.0018517i,0.0007534-0.0023672i,0.00036927-0.0023522i,0.00040582-0.0011763i,0.00032523+0.0002992i,-0.00063153+0.0012129i,-0.00077715+0.0011859i,-9.959e-05+0.0010006i
0.002362-0.0020131i,-0.0002284-3.6719e-05i,-0.0026962-0.0013047i,-0.0044294-0.0018091i,-0.0059973-0.00068877i,-0.005999-4.2101e-05i,-0.0049939-0.0014144i,-0.0039925-0.0024648i,-0.0035134-0.0020953i,-0.0045477+0.00047151i,-0.0049371+0.0022901i,-0.0025199+0.00072046i,-0.00059294-0.0018776i,-0.0014866-0.0016484i,-0.0021701+0.00035811i,-0.0012868+0.0014809i,-0.00037961+0.0019497i,-0.00043946+0.0013886i,-0.00068193+0.00091518i,-0.00030602+0.0012419i,0.00067657+0.0011812i,0.0012436+0.00057646i,0.00070837+0.00087274i
0.0074063-0.01062i,0.0055988-0.01149i,0.001268-0.010279i,-0.0022846-0.0056773i,-0.0034968-0.002934i,-0.0032965-0.0046102i,-0.0023854-0.0061824i,-0.0013243-0.0048797i,-0.00062985-0.0031113i,0.00015316-0.0026836i,0.0012571-0.0017287i,0.0016207+0.001054i,0.0013587+0.0030983i,0.00067077+0.0022346i,1.1805e-05+7.7461e-05i,0.00035504-0.001649i,0.00057251-0.0023412i,-7.9098e-06-0.002241i,0.0008438-0.0015239i,0.0023094-0.00086346i,0.0026908-0.00086956i,0.0022595-3.2815e-05i,0.0017481+0.00080468i
0.019828-0.01796i,0.011742-0.011823i,-0.0024649-0.01734i,-0.014817-0.012072i,-0.020256-0.0024184i,-0.015685+0.0041888i,-0.0068615+0.00063602i,-0.0036068-0.0069206i,-0.0047588-0.010002i,-0.0095062-0.0077507i,-0.012221-0.0027318i,-0.0097532+0.00036555i,-0.0069105+0.00055248i,-0.0065342-0.00047561i,-0.0072252-0.00059604i,-0.0055257+0.0014652i,-0.0022106+0.0024575i,-0.00034288+0.0015508i,-0.0001531+0.00098759i,-0.00068156-0.00021204i,-0.0005072-0.00092704i,-0.0012809-0.00074911i,-0.0021051-0.001033i
-0.011188+0.0067609i,-0.0078907+0.005556i,-0.0010315+0.0078642i,0.0044095+0.0065932i,0.0057171+0.0029054i,0.0039012-0.0019769i,0.0013127-0.0042315i,4.6441e-06-0.0027324i,0.00028056-0.0014308i,0.0031282-0.0021326i,0.0065077-0.0032055i,0.0067595-0.0013993i,0.0045786+0.00059725i,0.0040419+0.00063163i,0.0046796-0.00012519i,0.0047444-0.0013309i,0.0040945-0.0024183i,0.0024436-0.0025388i,0.00015026-0.0018862i,-0.0011789-0.0015793i,-0.001703-0.002423i,-0.0013347-0.0021504i,-0.00092915-0.0006834i
0.00038206+0.0028092i,-0.00021489+0.0045313i,0.00011971+0.0058279i,0.0019884+0.0027907i,0.0028159+0.00043877i,0.0017044-0.00094003i,0.00025336-0.0018852i,-0.0018166-0.00083937i,-0.0034973+0.0006387i,-0.0033909+0.0015399i,-0.0038938+0.0016717i,-0.0053087+7.8501e-05i,-0.0055378-0.001986i,-0.0057661-0.0019304i,-0.0053344+0.00065263i,-0.0028796+0.0028753i,-0.0017775+0.0031175i,-0.0022128+0.0027309i,-0.0010156+0.0021156i,4.5555e-05+0.0021599i,-0.00021729+0.0018643i,-0.00026338+0.00015773i,-0.0007272-0.0014786i
-0.0027613+0.00031272i,-0.00043097-0.002956i,0.002264-0.0021919i,0.0048458-0.0010457i,0.0065426-0.0021144i,0.0066878-0.0032707i,0.005756-0.0031288i,0.004204-0.0024724i,0.0043799-0.00177i,0.0056295-0.0018445i,0.0066464-0.0029597i,0.0077285-0.0022941i,0.0076608+0.00035167i,0.0068566+0.0014492i,0.0069935+0.00081198i,0.0068324-9.6447e-05i,0.0051754-0.00018931i,0.0032574-0.00039461i,0.0020311-0.00064897i,0.0018208+0.00027711i,0.0016989+0.0015188i,0.00054319+0.0017557i,-5.5246e-06+0.0018204i
0.00262-0.0013361i,0.0026494+0.0003084i,0.0018226+0.00022662i,-7.2666e-06-0.00077174i,-0.0012218-0.00068924i,-0.0012128-0.0022947i,-0.00065163-0.0026366i,0.00030733+0.0004932i,0.00031515+0.0035459i,0.00044738+0.0061262i,-0.00038544+0.0065802i,-0.0038317+0.0040509i,-0.0059141+0.00092765i,-0.0051862-0.00016411i,-0.0039899+0.00032183i,-0.0037523+0.0002893i,-0.0034022+0.00051333i,-0.0020731+0.0010284i,-0.00016273+0.00034091i,0.00032715-0.00013993i,0.00012152+0.00039337i,0.001065+0.00025515i,0.0016365-0.00083292i
-0.0031302+0.0027797i,-0.0040191+0.0013087i,-0.003412+0.0017137i,-0.0022901+0.0021429i,-0.0012601+0.001905i,-0.00073962+0.0019752i,-0.00039402+0.0017215i,0.00054892-8.8848e-05i,0.0015059-0.0020434i,0.0020598-0.0034399i,0.0032238-0.0049611i,0.0045805-0.0048546i,0.0050526-0.002815i,0.0048333-0.0019095i,0.0043457-0.002203i,0.0036796-0.00086585i,0.0032831+0.0010587i,0.0026188-2.6796e-05i,0.00096462-0.0022462i,0.00013061-0.0024504i,0.00037912-0.0017179i,-0.00024939-0.0008079i,-0.00080595+0.0010316i
-0.002056-0.0006773i,0.00043662+0.00016137i,0.0014112+0.0017068i,0.0016109+0.001798i,0.0029897+0.00067076i,0.0034138-0.0012269i,0.0023431-0.0021651i,2.466e-05-0.00089821i,-0.0015918+0.0018558i,-0.00053977+0.0043892i,-0.0011834+0.0052135i,-0.0045524+0.0041023i,-0.0069661+0.0029549i,-0.0076486+0.0021375i,-0.0069065+0.0012383i,-0.0056618-0.00071727i,-0.0046257-0.001753i,-0.0037761-7.3706e-05i,-0.0030276+0.0017899i,-0.0023589+0.0010484i,-0.0022711-0.0012837i,-0.0010819-0.0024049i,0.0005168-0.001807i
-0.00082547-9.5752e-05i,-0.0032898+0.00066118i,-0.0019841+0.0018488i,0.00069629+0.00056367i,0.00022404-0.0011022i,-0.0017091-0.0023105i,-0.0035643-0.0021994i,-0.0053565-0.0020353i,-0.0059059-0.0030909i,-0.0049481-0.0049768i,-0.002451-0.006015i,0.0010558-0.0054147i,0.002773-0.0041043i,0.0020542-0.0013958i,0.0019096+0.0011683i,0.0027927+0.0026164i,0.0024598+0.00317i,0.0013794+0.00090509i,-2.1256e-05-0.00080606i,-0.00073032-0.00011989i,-0.0004359+0.00095764i,-0.00042892+0.00093551i,-0.00031409+0.00084643i
-0.0036558+0.0010104i,0.00059795+0.00038924i,0.0026571+0.0020107i,0.0038784+0.003117i,0.0038709+0.001415i,0.0019649-0.0017144i,1.0093e-06-0.0024601i,-0.0015532-0.0006389i,-0.00090648+0.0021256i,0.0012445+0.0047865i,0.0018158+0.0057592i,0.0011362+0.0050531i,2.0083e-05+0.0041403i,-0.001307+0.0041258i,-0.0015215+0.0037073i,-0.00030398+0.00077249i,-0.00023676-0.0021125i,-0.00093057-0.0010746i,0.00059388+0.0018658i,0.0022828+0.0023408i,0.0019781+0.00083506i,0.0013981+5.4139e-05i,0.00084643-0.00085757i
0.0013413+0.0013774i,-0.00032658+0.0033346i,-0.00020661+0.0033526i,0.00044789+0.00080579i,0.00037568-0.0018646i,-0.00050399-0.0028013i,-0.00089444-0.0022316i,-0.001952-0.0015504i,-0.0037256-0.0013091i,-0.0035887-0.0021975i,-0.0028618-0.0040637i,-0.0017009-0.0053027i,0.00097348-0.0054287i,0.0035541-0.0041356i,0.0043624-0.0019321i,0.0041408-0.00037952i,0.0035336+0.00090708i,0.0037629+0.00095854i,0.0037875-0.00090869i,0.0023793-0.0015668i,0.0010387-0.00051544i,0.00042515+0.00039174i,0.00064263+0.00026892i
-0.0013652+0.0033023i,-0.00063653+0.0013708i,-0.00041266-2.9585e-05i,-0.00097068-0.00011461i,-0.0008711-0.00013396i,-0.00071284-0.0014576i,-0.0011315-0.0021703i,-0.00072719-0.0010196i,0.0021438+0.00074174i,0.0052332+0.0021322i,0.0057131+0.0027233i,0.0041371+0.0019358i,0.0018514+0.00028762i,-0.00017309-0.00070147i,-0.0014569-0.0015422i,-0.0013004-0.0025891i,5.1178e-06-0.0028286i,0.00010422-0.0021857i,0.00012348-0.0012105i,0.00058983-0.0016495i,0.00047377-0.0020264i,0.00051262-0.00088521i,0.000344+0.00019822i
-0.0075987-0.00013844i,-0.0062937+0.0012405i,-0.002878+0.0029105i,-0.00143+0.0018699i,-0.001743-0.00066484i,-0.0019277-0.0028133i,-0.0022589-0.0040221i,-0.0021009-0.0025354i,-0.0023696-0.0011379i,-0.0025335-0.001305i,-0.0026442-0.0020552i,-0.0025859-0.002766i,-0.0016829-0.0033458i,-0.0010588-0.0030895i,-0.00047043-0.0016589i,-0.00068622+0.00048559i,-0.00035481+0.0020942i,0.00068071+0.00013016i,0.00025318-0.0018569i,-0.0011522-0.0017449i,-0.0019267-0.0014333i,-0.0015477-0.0017787i,-0.00097152-0.0018079i
-0.00066506-0.0032148i,-0.00091284-0.002531i,-0.0018475-0.00026221i,-0.001186+0.00032996i,-0.0012024-0.00088694i,-0.0015486-0.0025878i,-0.0016654-0.0036838i,-0.0013571-0.0042018i,0.00064698-0.0025143i,0.0028293-6.1091e-05i,0.0036584+0.00071551i,0.0037738+0.0021443i,0.0024044+0.0036073i,0.00038328+0.0032449i,-0.00086399+0.002038i,-0.0010459+0.0010327i,-0.00092531-0.00020647i,-0.0021058-0.00049551i,-0.0023669+0.0015637i,-0.0010752+0.0030705i,-0.00052764+0.0022519i,-0.00051325+0.0014404i,-0.00039272+0.0017342i
0.0036138+0.00014465i,0.0045329+0.00096941i,0.0028922+0.00072654i,0.0008056-0.00022136i,0.00061781-0.0011389i,0.00085026-0.0027433i,0.00051751-0.0039756i,-0.00035864-0.0028421i,-0.0027119-0.00099209i,-0.0047494-0.00026925i,-0.0052595+0.00026659i,-0.0041292+0.00078728i,-0.0024858+0.00078303i,-0.00092049+0.0014816i,0.00061292+0.0025113i,0.0018652+0.0023493i,0.0018707+0.001803i,0.0017066+0.00156i,0.0027459+0.0015264i,0.0031437+0.0010616i,0.0024127+0.00048095i,0.0012761-0.00042206i,-0.0001773-0.0011884i
-0.00099437+0.00054167i,-0.0013571-0.0011156i,8.9588e-05-0.0017996i,-0.00025381-0.0018506i,-0.00077342-0.0027144i,-0.0013261-0.0034241i,-0.0025099-0.0031986i,-0.0017467-0.0027602i,0.00023472-0.0019891i,0.0017249-0.0014008i,0.0028006-0.0015305i,0.0031688-0.0019041i,0.0033528-0.0011963i,0.0032945+0.00017077i,0.0021435+0.00024658i,0.0013576-0.00084055i,0.0013887-0.0010733i,0.00036056-0.0007765i,-0.0011092+0.00029528i,-0.00040315+0.0013402i,0.0014858+0.0011i,0.0017403+0.0010738i,0.00080942+0.0012365i
-0.0015465+0.0013011i,-0.00078426+0.0018514i,0.0016791+0.0024338i,0.0029681+0.0021901i,0.0022008-0.00053799i,0.0017057-0.0025656i,0.0011055-0.0017194i,0.00019113-0.00058712i,-0.00051285+0.00099855i,-0.0016058+0.002598i,-0.0022465+0.0023375i,-0.0017358+0.00059627i,-0.0013432+0.00014096i,-0.0005856+0.00048078i,0.001457+9.6173e-05i,0.0022415-0.00047876i,0.0013488-0.00027842i,0.001699+0.00021548i,0.0025991-0.00082238i,0.0014039-0.0028508i,-0.00019449-0.0033091i,-0.00024546-0.0029565i,-0.00026061-0.0034485i
-0.0059343+0.0018347i,-0.005379+0.0018132i,-0.0025641+0.0025598i,0.00071185+0.0012321i,0.0022774-0.0010489i,0.0016479-0.002259i,0.00088042-0.0025079i,0.00053283-0.002087i,0.00080005-0.0015648i,0.0021526-0.0019528i,0.00288-0.0023615i,0.0023648-0.0020092i,0.0013796-0.0023487i,-0.00029776-0.002777i,-0.0022062-0.0021532i,-0.0028879-0.0015633i,-0.0017889-0.0011771i,-0.0015681-0.00090163i,-0.0020486-0.00072265i,-0.0015991+0.00060668i,-0.00059703+0.0015644i,-0.00019115+0.00075405i,-0.00052039+0.00039783i
-0.0021125-0.0019026i,-0.00019706+0.0001564i,0.0002431+0.0027314i,0.00022868+0.0024926i,0.00068422+0.0017285i,6.8113e-05+0.0010468i,-0.0010201-0.0002292i,-0.0016494+2.3832e-05i,-0.00092407+0.0020879i,-0.00046326+0.0026245i,-0.00056652+0.0012678i,-0.00015752+0.0013127i,-0.0014714+0.0012175i,-0.0028574+0.00063619i,-0.0013358+0.0018991i,0.00068993+0.0023316i,0.00091562+0.0013424i,0.00027178+0.00081163i,0.0010006+0.00060803i,0.0014389-3.4087e-05i,0.00055159-5.0091e-06i,0.00010692-7.8115e-05i,0.00023574-0.00090786i
0.0021677+0.0050284i,0.0021762+0.0046304i,0.0031028+0.0034797i,0.0035676+0.0020744i,0.0039372-0.00035085i,0.0026842-0.0017291i,0.00062649-0.0012459i,0.00045475-0.00069018i,0.00068819-0.00038977i,0.00035096-0.0014076i,0.00057836-0.002833i,0.00086192-0.0026105i,0.00085245-0.0014904i,0.00091583+1.2017e-05i,0.00039849+0.00026665i,-0.00085035-0.00017058i,-0.0014932-0.0012158i,-0.0016858-0.0023756i,-0.0014802-0.0021831i,-0.00088552-0.00089989i,-0.00086191+0.0006738i,-0.0011606+0.0014569i,-0.00063412+0.0013925i
-0.0040899-0.0025376i,-0.0052649-0.0017693i,-0.004709+0.000619i,-0.0029615+0.002548i,-0.0022921+0.00087371i,-0.002694-0.0018239i,-0.0035447-0.0011017i,-0.0051426+0.0009753i,-0.0045749+0.0017909i,-0.002187+0.0027621i,-0.00015817+0.0031167i,0.0013125+0.0023161i,0.00096848+0.0016762i,0.00054718+0.0013294i,0.0018996+0.002004i,0.00336+0.0029967i,0.0029332+0.0034113i,0.00083536+0.0038486i,0.00096364+0.0027476i,0.0031248+0.00052626i,0.0023894-0.00089173i,0.00096254-0.0013597i,0.00029552-0.0014767i
0.0010331-9.3671e-05i,-0.00074859+0.00072253i,-0.00073613+0.0011696i,0.00057961+0.00057429i,0.00082247-0.00028148i,5.3437e-05-0.0021312i,-0.0013632-0.0033328i,-0.0030684-0.0027951i,-0.003301-0.0024287i,-0.0014793-0.0020429i,-0.00021082-0.0014478i,0.00038958-0.001199i,0.0010789-0.0014757i,0.0014915-0.0023417i,0.0012637-0.003666i,-0.00018791-0.0049429i,-0.00058437-0.0044757i,-0.00082831-0.0042025i,-0.0019771-0.0044209i,-0.0016735-0.0035636i,-0.00072953-0.0019546i,-0.00047648-0.00096665i,-0.00021997-0.00095215i
-0.00087144-0.0033362i,-0.00067883-0.0015495i,-0.00072676-0.0010668i,-0.00094638-0.0017837i,-0.0015197-0.0021958i,-0.0011319-0.0023429i,-0.0014053-0.0037344i,-0.0019301-0.0043251i,-0.0016956-0.0016731i,-0.0015238+0.0017049i,0.00020603+0.0030303i,0.0018211+0.0028324i,0.0015583+0.0019246i,7.7172e-05+0.00054163i,-0.0007263+8.7817e-06i,-7.6412e-05+0.0011903i,-0.00020645+0.0030209i,-0.00052952+0.0037468i,-0.00012533+0.0030564i,0.00069959+0.0011782i,0.00093082-0.00014922i,0.00047824-0.00048581i,-0.00023986-0.00051114i
0.0064585+0.0022925i,0.0039909+0.00089661i,0.0024835-0.0010972i,0.0015866-0.0018329i,-0.0005343-0.0022761i,-0.0023461-0.0030179i,-0.0019255-0.0034788i,-0.0015955-0.0033466i,-0.0014831-0.0038697i,-0.001206-0.0046128i,-0.0016357-0.0035037i,-0.0022995-0.0019522i,-0.0019316-0.00098185i,-0.0014858-0.00097804i,-0.0018985-0.0024498i,-0.0018151-0.0044312i,2.7681e-05-0.0046337i,0.001706-0.0040082i,0.0011171-0.0036363i,-0.0010779-0.0021872i,-0.0018489-0.00076777i,-0.0014472-3.5874e-05i,-0.0017936+0.00026158i
-0.0033117+0.00037993i,-0.0011297-7.4284e-05i,0.0011922-0.00013815i,0.00098452-0.001041i,0.00080969-0.0023748i,0.001321-0.0041635i,0.00073084-0.0049257i,0.0010201-0.0037427i,0.0018221-0.0015705i,0.0015985-2.8754e-05i,0.00056024-0.00036893i,0.00027333-0.00066254i,0.00038028+0.00026667i,0.00019279+0.0018884i,0.00025952+0.0044161i,0.00020575+0.0067038i,-0.0007564+0.0057058i,-0.00086651+0.0033229i,0.00011432+0.0037605i,0.0014855+0.004282i,0.0021429+0.0028534i,0.0015128+0.0016624i,0.00045598+0.0014656i
-0.0002579-0.00036236i,-0.0017066+0.00024001i,-0.0012958+0.0025782i,0.0012671+0.0032505i,0.001916-0.00010809i,0.00048444-0.0034678i,-0.00094177-0.0038717i,-0.00090695-0.0031797i,-0.00091481-0.0029105i,-0.0010918-0.0023872i,-0.00097022-0.0019816i,-0.001281-0.00076923i,-0.00085734+0.00021446i,0.00073162-0.00090119i,0.0024409-0.0023782i,0.0032633-0.0039701i,0.0033811-0.0050418i,0.0030182-0.0044692i,0.0027015-0.0040067i,0.0018486-0.0040757i,0.00036196-0.0032223i,-0.00068194-0.0019944i,-0.00024511-0.0019492i
-0.0034894+0.0037288i,-0.0019905+0.0045748i,-0.00039489+0.0032718i,9.4805e-05+0.0017735i,0.0002973+0.0012764i,0.00077739+0.00075424i,0.0010145-0.00021561i,0.0015283+3.9817e-05i,0.0022252+0.0015208i,0.0022947+0.0019742i,0.0026505+0.0010646i,0.0022551-0.00013236i,0.0011412-0.00029043i,0.00052246+0.00076741i,-0.0002631+0.0016657i,-0.00078354+0.002776i,-0.0018933+0.003443i,-0.0035933+0.0026163i,-0.0024788+0.0016407i,-0.0008351+0.00089776i,-0.00051671+0.00032086i,0.00046028-5.682e-06i,0.0014476-0.00014882i
0.0029346-0.0053945i,0.0027195-0.0053065i,0.0020729-0.0039127i,0.0005659-0.002227i,-0.00070656-0.0022415i,-0.0013948-0.0027219i,-0.0014582-0.0030097i,-0.00083095-0.0018108i,-0.00077411+0.00027175i,-0.00095794+0.00096155i,-0.0005664+0.0002626i,-0.00037983-0.00035899i,-0.0013132-0.0002459i,-0.0011053-0.00086731i,0.00065176-0.0026419i,0.0030507-0.0040745i,0.0043366-0.0029194i,0.0039602-0.0010048i,0.0030158-0.00098658i,0.0012499-0.0020999i,-0.00050025-0.0019429i,-0.00084338-0.0017274i,-0.00036112-0.0019671i
-0.00089788+0.0034678i,-0.0018843+0.0024346i,-0.0020691+0.0010984i,-0.00095877+0.0015146i,-0.00027345+0.0012135i,-0.00063215+0.00017845i,-0.00084172-0.00082038i,-0.00035891-0.00026994i,0.00045311+0.0017009i,0.0018182+0.0019813i,0.0031818+0.00061852i,0.0022076-3.7557e-05i,0.00066697-0.0011591i,-0.0011075-0.0012827i,-0.0030536+0.00033892i,-0.0046904+0.001261i,-0.0051676+0.0022292i,-0.0041706+0.0020213i,-0.0035827+0.0019669i,-0.0026975+0.0033073i,-0.0012934+0.0025216i,-0.00086713+0.0015493i,-0.00087785+0.0012897i
-0.0018455-0.0044746i,-0.0027443-0.0030767i,-0.0031915-0.0010921i,-0.0031575+0.0012084i,-0.0026447+0.0009754i,-0.0020652-0.0008388i,-0.0017858-0.00057936i,-0.0016742+0.0012107i,-0.0016079+0.0019416i,-0.0019531+0.001345i,-0.0025125-0.00010876i,-0.0016554-0.00054174i,-0.00092383+0.00045403i,-0.0011519+0.0012817i,0.00031378+0.0012874i,0.0028297+0.0015022i,0.0043294+0.0017297i,0.0051599+0.0012512i,0.005427+0.00043297i,0.0042954+1.4905e-06i,0.0020326+0.00013141i,0.00068328+6.8509e-05i,0.00034219+8.0888e-06i
0.00032765+0.0055798i,0.00024682+0.0041364i,0.0017339+0.0029364i,0.0034161+0.0012645i,0.0033963-0.00081397i,0.00080933-0.0020413i,-0.0015906-0.001544i,-0.0022479-0.0005636i,-0.0022011-8.6486e-05i,-0.00065688-0.00077149i,0.00064016-0.0010668i,0.00023337-0.00065476i,0.00037651-0.0010699i,0.0012999-0.0010629i,0.00084494-0.00051648i,-0.0012703-0.00010192i,-0.0024115-0.00025636i,-0.0019094-0.0013285i,-0.0015578-0.0010874i,-0.0013258-0.00070478i,-0.00080241-0.00074457i,-0.00019611-0.00035587i,4.6128e-05+0.00030717i
-0.0041947-0.0013231i,-0.0014622+0.00085779i,0.0013513+0.0025955i,0.0016106+0.0011602i,0.00086453-0.0010781i,-4.8921e-05-0.002178i,-0.0017403-0.0027012i,-0.0024945-0.0015875i,-0.0027523+0.00026522i,-0.0022577+0.00042437i,-0.0013021+0.00021005i,-0.00076098+0.00035802i,-0.00052929-9.5369e-05i,0.0003146-0.00053655i,0.0022454+0.00031038i,0.0040314+0.0006624i,0.0042109+0.00029345i,0.0033165+0.00058634i,0.00271+0.00027977i,0.0023175-0.00086007i,0.0012727-0.0016388i,0.00080119-0.0013509i,0.00051155-0.0012832i
0.0019334-4.1704e-05i,0.001924-0.00049267i,0.0019496-0.00081097i,0.0028523-0.0016585i,0.0018215-0.0024639i,-0.00055863-0.0035357i,-0.0021264-0.0035667i,-0.0029046-0.0028264i,-0.00217-0.0018227i,-0.00055711-0.0012922i,0.00045181-0.0012081i,0.0006282-0.00075723i,-0.00035043-0.00017859i,-0.00080293-0.00084198i,-0.00095761-0.003134i,-0.0019764-0.0047777i,-0.0033924-0.0049497i,-0.0034924-0.0037325i,-0.0029639-0.0020908i,-0.00296-0.00061197i,-0.0022676-0.00022471i,-0.0010637-0.00026505i,0.00011828-0.00058211i
-0.0026411+0.0039843i,-0.0031766+0.0033946i,-0.0027592+0.0025177i,-0.0015041+0.001536i,-0.00032138+0.00027665i,0.00023028-0.0017313i,-0.000239-0.0040767i,-0.0011713-0.0032561i,-0.00069123-0.00051046i,0.00041768+0.00086428i,0.00038839+0.00081942i,0.0004853+0.0003032i,0.0003875-0.00041805i,-0.00014975-0.00027792i,0.00051175+0.0011756i,0.00098797+0.0034255i,0.00058411+0.0041784i,0.00063371+0.0030652i,0.0013022+0.0020836i,0.0020646+0.0019274i,0.0016399+0.0015893i,0.00015945+0.00070005i,-0.00075764-0.0004376i
0.0021414+0.0013776i,0.0027295-7.933e-05i,0.0025158-0.0012378i,0.0010346-0.0012902i,0.00033797-0.0010182i,0.00012551-0.0031721i,-0.00024338-0.0045752i,-0.00027835-0.0037587i,0.00053245-0.0020725i,0.001033-0.00098765i,0.00072015-0.0015214i,-0.00011619-0.0016733i,-0.00044152-0.00034743i,0.00015388+0.00014905i,0.00026118-0.00069309i,-0.00093292-0.0019452i,-0.0017229-0.0027302i,-0.00030131-0.0027506i,0.00092481-0.0023095i,0.00026172-0.0020102i,-0.00011554-0.0014771i,7.6861e-05-0.00023491i,-0.0001993+0.00037312i
-0.002992-0.001549i,-0.003905+0.00044828i,-0.0020217+0.0026243i,0.00031428+0.0018008i,0.00079069-0.00039866i,0.00042993-0.0012993i,-0.00077788-0.0025649i,-0.00070119-0.0027107i,0.00033155-0.0009122i,0.00081179-0.00018509i,0.00050035-0.0009706i,0.00060963-0.0022647i,0.0015388-0.0016335i,0.0012712+0.00038277i,0.00096284+0.0025526i,0.0013459+0.0045029i,0.0016029+0.0045908i,0.0011433+0.0036251i,0.00086202+0.0023936i,0.0014251+0.00063144i,0.0011382+0.00010753i,0.00028234-0.00024868i,0.00056702-0.00046625i
0.001393-0.001995i,0.0025568-0.0037442i,0.0020823-0.0030723i,0.0012053-0.0015514i,0.0010457-0.001969i,0.00024831-0.0030433i,-0.00074352-0.0041359i,-0.00079767-0.0032288i,-0.00018728-0.001697i,-0.00067904-0.00087659i,-0.001364-0.00032934i,-0.0015996+0.00010614i,-0.00085437+0.00091432i,0.00051605+0.00033156i,0.0019868-0.0023204i,0.0021976-0.0039812i,0.0016849-0.0042801i,0.0016121-0.0042799i,0.0011485-0.0034599i,-0.0002846-0.0024981i,-0.0010591-0.0010409i,-0.000591-0.00049649i,-0.00037447-0.00059623i
-0.00062076-0.0049066i,-0.001988-0.0016153i,-0.0020525-7.3218e-05i,-0.0010092+0.00033051i,-0.00070286-0.00044326i,-0.00046974-0.0017448i,-7.6334e-05-0.0027089i,-0.00041982-0.0024747i,-0.0004508-0.0014164i,-0.00031114+0.00034337i,-0.00070235+0.0018505i,-0.00088927+0.0022918i,0.00012972+0.0016415i,0.00052296+0.00062567i,-0.00102+0.00031549i,-0.0016864+0.0011186i,-0.0015655+0.0020179i,-0.0020182+0.0023074i,-0.0016382+0.0023764i,-0.00050665+0.0024706i,-0.00025785+0.0020692i,-6.7524e-05+0.001305i,-0.00055966+0.00058414i
0.0010665-0.0022911i,-0.00030365-0.0017104i,-0.0010348-0.00048013i,-0.00093517+0.00025131i,-0.00010063-3.4975e-05i,-0.00024418-0.0011676i,-0.00094472-0.0016047i,-0.00092291-0.00082967i,-0.00059205-0.00010397i,-0.00026537-0.0005275i,-0.00050712-0.00074817i,-3.8118e-05+0.00066492i,0.00058675+0.0019084i,0.00046245+0.00082918i,0.00024248-0.00040758i,0.0006808-0.0016465i,0.001149-0.0021385i,0.0014026-0.0015824i,0.0010678-0.0012742i,0.00062469-0.00022182i,0.00033037+0.0001608i,-8.5575e-05-0.00034702i,0.00015898-0.00041508i
-0.0048841-0.00025688i,-0.0031851+0.0016425i,-0.0026776+0.0038155i,-0.0015549+0.0040821i,-0.00029509+0.0019918i,-0.00072238-0.00060475i,-0.00075511-0.0011616i,-0.0005915-0.00010042i,0.00016673+0.00090675i,0.00087677+0.0011242i,0.00036117+0.00094391i,0.00028262+0.00048342i,0.00068657-7.3659e-05i,-4.2338e-05+0.00022475i,-0.0016378+0.0013498i,-0.0028574+0.0020022i,-0.0030831+0.0025191i,-0.0024557+0.0021242i,-0.0014505+0.00034445i,-5.9743e-05-0.00021636i,0.0010259+0.00067515i,0.00084896+0.00090578i,1.0917e-06+0.00047717i
-0.00076552-0.002231i,-0.00098547-0.0015546i,-0.00061675+0.00051093i,-0.00056741+0.002926i,-0.0006325+0.0021941i,-0.0002389+0.00035894i,-0.00017083-0.00092539i,-0.00049439-0.0011659i,-0.00078743-0.00095829i,-0.00044478-0.001015i,0.00056313-0.00036635i,0.00052504-0.00015265i,-0.00018205-0.00031113i,-6.8563e-05+0.00012172i,0.0011774+0.0012377i,0.0028403+0.00086945i,0.003546-0.00044628i,0.0029423-0.0011081i,0.0024116-0.0018704i,0.0015471-0.0020278i,-7.7622e-05-0.0016057i,-0.00039545-0.001384i,0.00013821-0.0014455i
0.00078304-0.0013416i,0.0016604-0.0012433i,0.0013412-0.00092608i,0.0011148-0.00019108i,0.0012403-0.00025431i,0.0006018-0.0012164i,3.3682e-05-0.0020951i,-0.0011925-0.001798i,-0.0018157-0.00038381i,-0.0013249+0.0006621i,-0.00071105+0.00023943i,0.00022911-0.00037638i,0.0012969-0.00104i,0.00083968-0.00084462i,-6.4979e-05-0.00066175i,-0.0010679-0.0013595i,-0.0012655-0.001207i,-0.00069048-0.00099167i,-0.001154-0.00096418i,-0.0012133-0.00084509i,-0.00028118-0.00075603i,4.9898e-05-0.00059388i,-0.00013363-0.00084533i
-0.00027969-0.0017553i,-0.0020263-0.00072329i,-0.0019767-0.00047523i,-0.0018821-0.0015345i,-0.002388-0.0019768i,-0.0024948-0.0014119i,-0.0024303-0.0018878i,-0.0027439-0.0021092i,-0.0024494-0.0015007i,-0.00098016-0.0016719i,-0.00014064-0.0012755i,-0.00025485-0.00053772i,-0.0006593-0.00036873i,-0.00072043-0.00056675i,0.00029223-0.00066667i,0.0010295-0.0015073i,0.001151-0.0022629i,0.001749-0.001375i,0.0016844-5.1236e-05i,0.00092964+0.00041752i,0.00037505+0.00027584i,0.00028691+0.00013885i,0.0003553+0.00045589i
0.0022391+0.0024464i,0.0018017+0.00082149i,0.00028272+0.00060759i,-6.9031e-05+0.0021067i,-4.9031e-05+0.0015433i,-0.00030528-0.0012606i,-0.00095045-0.0024909i,-0.0026464-0.0016557i,-0.0028407-0.00044017i,-0.00054128-0.00017571i,0.0003021-0.0011009i,0.00052684-0.0018649i,0.00036609-0.0015366i,-0.00054624-0.00091941i,-0.0014756-0.00090731i,-0.0022742-0.0011348i,-0.0027099-0.00072568i,-0.0021578+0.00031311i,-0.00089867+0.0010597i,-0.00025864+0.0014243i,-0.00021252+0.0011246i,-0.00023786+0.00093097i,-0.00057386+0.00055071i
-0.0053087+0.0010126i,-0.0047257+0.001881i,-0.0021471+0.0025456i,0.00040676+0.0004975i,0.00063815-0.0018706i,0.00025346-0.0029441i,-0.00073025-0.0031625i,-0.0019598-0.002463i,-0.0024271-0.0014402i,-0.0016503-0.00093094i,-4.8975e-06-0.00064995i,0.00025409-0.00074342i,0.00011768-0.00034751i,1.0899e-05+0.00079444i,-1.9024e-05+0.0024422i,0.00067936+0.0029742i,0.00084368+0.0031527i,0.00093895+0.0031218i,0.0021398+0.002194i,0.0026346+0.0012113i,0.0018812+0.00037807i,0.00088455-0.0004225i,0.00033008-0.00051694i
0.006534+0.00015046i,0.0057686-0.00093489i,0.0034728-0.0017322i,0.0018264-0.0015018i,0.00092311-0.0014618i,0.00044715-0.0032937i,0.0007559-0.0046733i,0.00065831-0.0043886i,0.00086231-0.0035911i,0.00059327-0.0022282i,-0.00019607-0.0016622i,-0.00016782-0.0013688i,-0.00037976-0.00013939i,-8.9142e-05+0.00014831i,0.0011737+0.00024791i,0.0010305+0.0012442i,-0.00012226+0.0017125i,-0.00013785+0.00046239i,0.00056712-0.00074678i,0.00052216-0.0011522i,0.00020787-0.0013006i,-0.00051048-0.00083831i,-0.00023824-9.1804e-05i
-0.00093955+0.0046952i,-6.2183e-05+0.0032115i,0.0029253+0.00046669i,0.0037604-0.0018449i,0.0013946-0.0031086i,-0.0012498-0.003901i,-0.0017026-0.0033797i,-0.00043659-0.0028368i,0.0010492-0.0022387i,0.00095991-0.00095798i,4.523e-05+0.00017906i,-0.00092034+0.00090975i,-0.0018093+0.00081632i,-0.0013467+7.8798e-05i,-0.0001494+0.00010456i,0.0012265+0.00067235i,0.0021881+0.00081173i,0.0018144+0.00037373i,0.00028456+0.00024454i,-0.00044265+0.00038816i,-0.00081163-0.00015203i,-0.0011911-0.00077644i,-0.00051713-0.0009584i
0.0018875+0.00022205i,0.0016666-0.00087791i,0.0017203+0.00011431i,0.0026587+0.00068668i,0.0024656-0.00064942i,0.00086554-0.0029888i,-0.0005286-0.0035245i,-0.00040037-0.0018509i,0.00040605-0.00044975i,0.00059823-0.00081041i,0.00080138-0.0013463i,0.00041251-0.001089i,0.00043776-0.00097882i,0.0013194-0.001639i,0.001455-0.0019657i,0.0010237-0.0021695i,0.00017219-0.003019i,-0.00099192-0.0030959i,-0.0012131-0.0021831i,-0.001092-0.00070363i,-0.0013041+0.00054063i,-0.0013285+0.00033568i,-0.0010414-0.00020524i
-0.00093542+0.0029204i,-0.0015899+0.002881i,-0.0023108+0.001731i,-0.0022634+0.00035946i,-0.0012169+0.00047401i,-0.00025085-0.00022613i,5.5796e-05-0.0014403i,0.00047387-0.0004789i,0.00082344+0.00061609i,-2.2444e-05+0.00063379i,-0.00067891+0.00041767i,-0.00021536-0.00010495i,-3.2569e-05-0.00037411i,-0.0011121+0.00059278i,-0.0019965+0.00092544i,-0.0024254+0.0003927i,-0.0023132+0.00036328i,-0.0014877+0.0010682i,-0.0010519+0.0019652i,-0.00081392+0.0019133i,-0.00047614+0.00056018i,-0.00010381-3.2238e-05i,-0.00034414+0.00027639i
-0.00078262-0.0042919i,-0.0023546-0.003056i,-0.0029394-9.1412e-05i,-0.0013521+0.0007909i,-0.00048871-0.00030666i,-0.0006939-0.0014287i,-0.00066604-0.00087313i,0.00027963-0.00030013i,0.00040724-0.0001768i,4.3287e-05+0.001147i,0.00014354+0.0010263i,-0.00017934-0.0006202i,-2.9893e-05-0.00042913i,0.00060478+0.00039875i,0.00090782+0.00085173i,0.00070689+0.0013537i,0.00038868+0.00033522i,0.00076956-0.00068031i,0.0016546-0.00023734i,0.0016907+0.00043954i,0.00043335+0.00037227i,-0.00036027+0.00012928i,-2.6323e-05+0.00065372i
0.0016588-0.0014964i,0.0011458-0.0011329i,-0.00036543-0.00049326i,-0.0019161+0.00030571i,-0.0022784-0.00023323i,-0.0018697-0.00093137i,-0.0017206-0.0013419i,-0.001868-0.0012203i,-0.0015783+0.00016327i,-0.00093273+0.001326i,0.00012359+0.0012566i,0.00013945+0.0010385i,-0.00096219+0.00095859i,-0.0014517+0.00021732i,-0.0013833+0.0010781i,-0.00082459+0.0024315i,-0.00021419+0.0016428i,0.00021017+0.00065535i,0.00088046-0.0002945i,0.00098833-0.0010295i,0.00073921-0.00051329i,0.00047235-0.00025709i,2.3272e-05-0.00033159i
-0.0028617-0.0030313i,-0.0042134-0.002776i,-0.0039545-0.00045067i,-0.0013567+0.00047023i,0.00028873-0.00078294i,-0.00012199-0.0020263i,-0.0016762-0.0025946i,-0.0031603-0.0015007i,-0.0030345+6.7824e-05i,-0.0017338+0.00018725i,-0.00065296+0.00039203i,0.00076925+0.00054282i,0.000917+8.6437e-05i,0.00055456-0.0003013i,0.0010889+0.00045329i,0.0020573+0.001099i,0.0023242+0.00034051i,0.00239-0.00039714i,0.0019255-0.00072583i,0.00062197-0.0011746i,0.00014828-0.00052669i,0.00034551-0.00020497i,0.00098733-0.00028171i
0.0020722-0.0027573i,0.0019156-0.0016545i,0.0010838-0.0022181i,-0.0006774-0.0018486i,-0.0020238-0.0011689i,-0.0025938-0.0016377i,-0.0015919-0.0024143i,-0.0015363-0.001625i,-0.0019611-0.00054375i,-0.0013744-5.5894e-05i,-0.0015615+4.6829e-05i,-0.0019437+2.6262e-05i,-0.0019066-0.00018284i,-0.0022343-0.00044779i,-0.0011395-0.0013659i,0.00052532-0.0024554i,0.0008108-0.0017523i,-9.9791e-05-0.00028781i,-0.0014576-0.00021289i,-0.0017297-0.00082136i,-0.00090589-0.00075831i,-0.00050098-0.00050308i,-0.00044063-0.00070464i
-0.0004155+0.0036334i,-0.0015644+0.0021578i,-0.00011347+0.0015446i,0.0014144-0.00087676i,0.002312-0.0029689i,0.001706-0.0031778i,-0.00066825-0.0018339i,-0.0017644-0.00033396i,-0.00081537-0.00057245i,-0.00058326-0.0012709i,-0.00070457-0.00050744i,-0.00049767-6.7145e-05i,-0.00072653+6.5472e-05i,-0.0016195+0.00089503i,-0.0025181+0.0012542i,-0.0024004-0.00025441i,-0.0010199-0.001171i,6.7163e-05-0.00086353i,0.00011018+0.00028702i,-0.00033751+0.0013896i,-0.00029203+0.0011451i,2.3782e-05+0.00017707i,0.00018741+0.0002474i
3.6278e-06-0.0019552i,0.0010466-0.00086736i,0.00106+5.6649e-05i,0.00095417+3.7362e-05i,0.00027911-0.00094088i,-0.00015838-0.0021605i,4.4912e-05-0.0019582i,-0.00089793-0.0019371i,-0.0012139-0.0017064i,-0.00098199-0.00073484i,-0.00058407+1.7287e-05i,0.00015994+0.00029891i,0.00036779-3.0793e-05i,-9.6332e-05-0.00051169i,-0.00093189-0.000131i,-0.0011267-7.55e-05i,-0.0005449-0.00011309i,0.00025851+0.00023505i,0.0010391+0.00025987i,0.0017988+0.00052896i,0.0018512+0.0015839i,0.00025309+0.0012208i,-0.00033672+5.226e-05i
-0.0020145+0.0012419i,-0.0018144+0.001444i,0.00033124+0.0018718i,0.0014759+0.00080003i,0.0008195-0.00086095i,0.00030622-0.0019049i,-0.00050866-0.0021913i,-0.00062624-0.0015192i,-0.0003555-0.0008852i,-0.00010641-0.00054631i,-3.9102e-05-0.00017027i,-4.8144e-05+0.00025153i,0.00069748+0.00052463i,0.0014106+0.0012944i,0.0009634+0.0027096i,0.00022601+0.0034754i,-0.00038476+0.0024529i,0.00057103+0.00098497i,0.0015495-0.00010434i,0.0014894-0.00025427i,0.00062937-0.00031166i,0.00078487-0.00022637i,0.0010812+0.00051128i
-0.0001351-0.0014772i,0.0010352-0.0013822i,0.00096315+0.00064697i,0.0011113+0.0011281i,0.0022737-0.00090712i,0.0020227-0.0028193i,0.00061438-0.0028048i,0.00015251-0.0021782i,0.00054319-0.00096801i,2.9798e-05-0.00017899i,-0.00037006-0.00074965i,0.00054592-0.0016351i,0.00084793-0.0010451i,0.00084706-0.00035636i,0.001983-0.00050888i,0.0022842+6.7662e-05i,0.0013034+0.00024601i,0.00067849-0.0009928i,0.00044245-0.0017279i,-0.00023198-0.0014359i,-0.00080633-0.00075895i,-0.00077354-0.00037053i,-0.00067568-0.00026921i
-1.2405e-05+0.00057719i,-0.0018194+0.0016636i,-0.0030003+0.00079503i,-0.0017334+0.00013258i,-0.0017886+0.00065104i,-0.0025537+0.00069144i,-0.0019382-0.0010216i,-0.001434-0.0018346i,-0.00094646-0.00087839i,-0.00064268-0.00071344i,-0.00070682-0.00083366i,-0.0007188-0.00033255i,-0.00075592+0.00016936i,-0.0011704+0.00037726i,-0.0010728+0.00014098i,-0.00027081-0.00051639i,0.0010348-0.00098873i,0.0013537-0.00031071i,-3.5816e-05-4.2227e-05i,-0.00096244-0.00086084i,-0.0008893-0.0016289i,-0.00076134-0.0018164i,-0.0012009-0.0011326i
0.00057026-0.00096583i,-5.0731e-05-0.0026984i,-0.00026222-0.0026242i,-0.0020288-0.0024607i,-0.0017986-0.0030466i,-0.0010935-0.0032128i,-0.0016735-0.0027538i,-0.0012334-0.001644i,0.00029658-0.00018788i,0.0006891+0.00016162i,0.00033424-0.00079357i,-3.8254e-05-0.00091147i,-5.9031e-05-0.0010371i,0.00089859-0.0010139i,0.0013515-0.00072326i,0.0008384-0.00060771i,0.00011327-0.0005614i,3.5838e-05-0.00086883i,0.0004279-0.00045773i,0.00074374+0.00071085i,0.00075004+0.0014318i,0.00061503+0.001023i,7.5318e-05+4.7775e-05i
-0.00080033-0.0050263i,-0.0012473-0.0016063i,-0.0024941+0.0006177i,-0.0030287+0.0018148i,-0.003339+0.0010808i,-0.0019449-0.00092518i,-0.00092605-0.002051i,-0.0012271-0.0017801i,-0.0016399-0.00093789i,-0.0012017+2.3183e-05i,0.00022971+0.00075313i,0.0010058+0.0014421i,0.00075747+0.0015115i,-0.00066514+0.00075377i,-0.0022804+0.00032801i,-0.0023327+8.1805e-05i,-0.0013461-0.00038166i,-0.00044193-0.00032838i,0.00020033+0.00059699i,0.00023756+0.0013795i,8.0581e-05+0.0012876i,-5.8809e-05+0.00081134i,6.7964e-05+0.00036196i
0.0018452-0.0020424i,-0.00053573-0.0020561i,-0.0005424-0.0016482i,0.00097264-0.00037552i,0.0017153-0.00049768i,0.0018835-0.0018131i,0.0012249-0.001894i,6.9549e-05-0.0016885i,-0.00026007-0.0010965i,0.00012209-0.00046045i,0.00084995-0.00020359i,0.00083528+4.7723e-05i,0.00052591-0.00015362i,0.0007404-0.00031652i,0.0013164+0.00050488i,0.00087056+0.0016024i,0.00018146+0.0011824i,0.00042306-4.6452e-05i,0.0013478-0.00067523i,0.0018708-0.0012454i,0.0014276-0.001329i,0.00078326-0.00051683i,0.00022503+0.00039962i
0.0020543+0.0014862i,0.0032653+0.0033704i,0.0035331+0.0023498i,0.0017591+0.00061253i,-0.00025445+0.00017806i,-0.00099665-0.00049998i,-0.00092512-0.0013867i,-0.00088541-0.0008617i,-0.000569-0.00026458i,0.00028801-0.00024673i,0.00026239-0.00042877i,-0.00011196-0.00018149i,-0.00077717+0.00029752i,-0.0010257+0.00026038i,0.00016182+0.00047887i,0.0010598+0.0013673i,0.00078642+0.0012179i,0.00050578+0.00075745i,-5.5537e-05-8.3661e-05i,0.00012709-0.0015501i,0.00084081-0.0014225i,0.00074393-0.00067739i,-0.00023703-0.0004898i
-0.0012189+0.0011504i,-0.0030545-0.00081243i,-0.0032407-0.00010833i,-8.6296e-05+0.00049181i,0.00092498-0.0011496i,-0.00066672-0.0024777i,-0.0019319-0.0029642i,-0.001253-0.003195i,8.0339e-05-0.0015169i,0.00033495+0.00046567i,0.00028498+0.00037718i,0.00053936-0.00025688i,0.0005473-9.3655e-05i,0.00074171-9.6292e-05i,0.0013082-2.5799e-05i,0.0014329+0.0005039i,0.0018013+0.00016946i,0.0009503-0.00077207i,-0.00010379-0.0012454i,-0.00059367-1.9533e-06i,-0.00073858+0.00037254i,-0.00028093-0.00081887i,0.00023431-0.00095364i
-0.0010374+0.0025699i,0.00061277+0.0029028i,0.001897+0.00041832i,0.0016592-0.00081255i,0.0015194-0.00026157i,0.00092294-0.0014315i,0.00013825-0.0022989i,4.2071e-05-0.0011362i,0.00041116-0.0001455i,0.00046407+0.00055065i,0.00076542+0.00067807i,0.00060046+0.00061821i,0.00013788+0.00039997i,-0.00059473+0.00016024i,-0.0014774-0.00017659i,-0.00087704-0.00098848i,0.00012114-0.0001704i,0.00034849+0.00057745i,-4.27e-05-0.00040301i,-0.00014102-0.00047745i,0.00036481-0.000158i,0.00024903-0.00033234i,9.1728e-05-0.00021772i
-0.0020228-0.0039896i,-0.0037324-0.0031835i,-0.0040998+0.00039148i,-0.0015074+0.0020296i,0.0006792+0.0010108i,0.0013489-0.00052938i,0.00096695-0.0017475i,0.00024843-0.0015643i,5.9753e-05-0.00042311i,-0.00036166+0.00012067i,-0.00073398-4.4988e-05i,0.00015835+0.00018669i,0.00015844+0.00077386i,-0.00068379+0.00077364i,-0.00072925+0.0011046i,-0.0007182+0.00083302i,-0.00071384-0.00020318i,-0.00020227+0.00016168i,0.00047861+0.001453i,0.0004391+0.001131i,-0.0003063+0.00042767i,-0.0002036-6.69e-05i,-0.00022016-8.8901e-05i
0.0017688+0.0052346i,0.003643+0.0047893i,0.00391+0.0030358i,0.0026476+0.0020258i,0.0015131+0.00047222i,0.0012437-0.0021257i,7.5965e-05-0.0025245i,-0.0016299-0.0010117i,-0.0016959+0.00060728i,-0.00058908+0.0009999i,0.00044596+0.00045142i,0.00039185-0.0010031i,0.000267-0.0024324i,0.00032157-0.0016414i,0.00057121-8.9847e-05i,0.00084084+0.0010579i,0.00022549+0.0016086i,-0.00089165+0.0017388i,-0.0011848+0.00095864i,-0.0002789-0.00036348i,0.00040002-0.00051839i,0.00066656-0.00038337i,0.00086139-0.00069081i
-0.0040431-0.00016898i,-0.0049325+0.00044986i,-0.0034949+0.0022278i,0.00016807+0.0010761i,0.00086485-0.001118i,-0.00083184-0.0018131i,-0.0011404-0.0013653i,-0.0015117-0.0005684i,-0.0012518+0.00010001i,-0.00033887-0.00029621i,0.00021794-0.00080848i,0.00072445-0.0011673i,7.3365e-05-0.0011018i,-0.000328-1.8774e-05i,0.00028256+0.00056442i,0.00086553+0.00081569i,-1.0368e-05+0.00073824i,-0.00035813-0.00034837i,0.00021386-0.0012363i,9.2257e-05-0.00081016i,-0.00059039-0.00032873i,-0.0011606-0.00048896i,-0.00091171-0.00039926i
0.0018137-0.00048138i,0.0030003-0.001652i,0.0025537-0.00045689i,0.0019922+0.00073097i,0.0026+0.00081166i,0.0023775-0.00028529i,0.0007709-0.0010767i,-0.0012138-0.0011961i,-0.0017332-0.0011502i,-0.00076409-0.00074819i,-0.00075457-0.00092138i,-8.0438e-05-0.00052327i,0.00058133-0.00031096i,0.00074301-0.0013843i,0.0014018-0.0016611i,0.0017235-0.0011033i,0.0017771+0.0001575i,0.0010028+0.0003425i,0.00050696+8.0809e-07i,0.00076676+0.00030432i,0.00047926+0.00049387i,-8.4233e-05+0.0003119i,0.00013011-0.00014175i
-0.0047054+0.0009643i,-0.0056513+0.0026715i,-0.0059014+0.002506i,-0.0043169+0.00064872i,-0.0022094-0.0014105i,-0.0012759-0.0027915i,-0.0014638-0.0033627i,-0.0013805-0.0031851i,-0.00064202-0.0022919i,0.00014189-0.00050804i,0.00025392+0.00079997i,0.00023387+0.00094266i,0.00050503+0.0010411i,0.0002743+0.00092499i,-8.1903e-05+0.00011882i,0.00029506-6.5403e-05i,0.00061623+0.00021043i,0.00079457-0.00024161i,0.00057361-0.00017876i,-6.8899e-05-0.00022478i,-0.00032673-2.2625e-05i,-0.00021985+0.00018062i,0.00047328-0.00031905i
0.0026019-0.0044146i,0.0038828-0.0043628i,0.0031547-0.0029067i,0.0015199+6.0059e-06i,0.0010842+0.0017035i,0.00056488+0.00040982i,-8.8113e-05-0.0013728i,-0.001045-0.00083644i,-0.00091377-1.8817e-05i,0.0010738-0.00016321i,0.0017592+8.4189e-05i,0.0007918+0.00028408i,-0.00063804-2.0104e-05i,-0.0017352-0.00033805i,-0.0017133-0.00053575i,-0.001281-0.00066628i,-0.00057763-0.00055342i,-0.00012778-0.00016094i,0.00087944+6.0397e-05i,0.0014811+0.0004493i,0.00058103+0.00054784i,0.00076905+8.4705e-05i,0.00099228-0.00054218i
-0.0013554+0.0038411i,-0.0026505+0.0043493i,-0.0026475+0.0039235i,-9.059e-06+0.00066985i,0.0016319-0.0023125i,0.0003562-0.0038077i,-0.00053928-0.003454i,-0.0002271-0.0018652i,0.00040712-0.0003272i,0.0010944+0.00019975i,0.00063653-0.00046495i,2.2076e-05-0.00036907i,-0.00016716-0.00011227i,0.00010644-0.00031565i,0.00042793-0.00017273i,-0.00059443+0.00063181i,-0.0010536+0.00057012i,6.9834e-05-0.00040457i,0.00047361-7.3954e-05i,8.2558e-05+0.00063097i,-0.00021471+0.00069913i,-0.00035395+0.00017558i,0.00056251+7.7932e-06i
-0.0036285-0.0026623i,-0.0021339-0.0023893i,-0.00057931-7.1953e-05i,0.00047943+0.001554i,0.00081982+0.001544i,9.8287e-05+7.4508e-05i,-0.00047592-0.0018291i,-0.00083838-0.0022352i,-0.00081295-0.00096224i,0.00042905+0.00057448i,0.0012938+0.00044139i,0.00070852-0.00036975i,-5.0333e-05+7.6105e-05i,0.00035063+0.00063266i,0.0011252+0.00059959i,0.0013354+0.00057833i,0.0011186-0.00010996i,0.00025347-0.00061243i,0.00031729-0.00023811i,0.00096568+0.00038958i,0.00016029+8.0331e-05i,0.00021038-0.00037382i,0.00099563-0.00061098i
0.00056602-0.00034161i,-0.00081392+0.0016687i,-0.00031131+0.0020626i,0.00098642+0.0010109i,0.0011773+3.5537e-05i,0.00075434-0.0013662i,9.3477e-05-0.0021588i,-0.00033315-0.00072971i,-4.1569e-05-1.6541e-05i,-5.2318e-05-3.4978e-05i,0.00048276+0.00043741i,0.00095934+0.00074564i,0.00035367+0.00068749i,-0.00035136+0.00054782i,-0.00024901+0.00037086i,0.00047112+0.00025421i,0.00068646+0.00031332i,0.00063536+0.00059141i,0.00013256+0.00090762i,-0.0003146+0.0011426i,-0.00038629+0.00052781i,-6.4047e-05-0.00036676i,-0.00016232+4.7233e-05i
0.0014412+0.00036028i,0.0018325-0.0032795i,0.00092855-0.0047866i,0.00078256-0.004128i,0.001344-0.0033168i,0.0005564-0.0036045i,0.00041067-0.0025716i,0.00062839-0.00093032i,-1.7288e-05+0.00010375i,-0.00038733+0.00067567i,-0.00010248+9.1779e-05i,4.1931e-05-0.0011717i,0.0003127-0.00098885i,0.00091249-6.1101e-05i,0.00056666-0.00042971i,0.00034884-0.0006182i,0.00095406+0.00020273i,0.00048337+0.0009907i,-0.00020527+0.0012404i,-1.0657e-05+0.0010928i,9.536e-05+0.00094994i,-4.671e-05+0.00046382i,-0.0003037+0.00030701i
-0.0013352+0.00098075i,-0.0011911+0.0034372i,-0.00034292+0.0042438i,0.00064418+0.0029363i,0.00019177+0.0004829i,-0.00088335-0.001272i,-0.0013495-0.0017529i,-0.00065978-0.0015217i,0.00010869-0.0010951i,-0.00035353-0.00062244i,-0.00070129-0.00067406i,-0.00028375+0.00033885i,-0.00046064+0.001117i,-0.00045129+0.00067636i,-0.00022835+0.00070687i,-7.842e-05+0.00068106i,0.00010495+0.00075014i,0.0001536+0.0011572i,0.00015857+0.0010918i,-8.2341e-05+0.00059126i,-0.00015695-0.00012941i,-4.4395e-05+0.00011313i,-0.00039538+0.00020449i
0.0026014-0.003259i,0.0012526-0.0045327i,0.00055134-0.0029597i,0.0010289-0.0016765i,0.001236-0.0025341i,0.001124-0.00271i,0.00074724-0.0014931i,-0.00023122-0.0010215i,-0.00087621-0.00052197i,-0.00085984-0.00024696i,-0.00058376-0.00046725i,-0.00081992-0.00039789i,-0.00069856+0.00016702i,-0.0005543+0.0011602i,-0.00037472+0.00075846i,0.00021996-0.0001217i,0.0005126-0.00064409i,0.00012318-0.00063396i,6.7051e-05-0.00058712i,0.00081934-0.00092533i,0.00057617-0.00072419i,-0.000495-0.00053349i,-0.0004883-0.0005546i
0.0042169+0.0050144i,0.0041844+0.0061151i,0.0027273+0.0031537i,0.0014155-0.00014309i,0.00020106-0.0010938i,-0.00072992-0.0011418i,-0.0011405-0.0019844i,-0.0011596-0.0020185i,-0.0010548-0.00085917i,-0.00029834-0.00060142i,0.00013348-0.00057896i,-0.00011464+0.00021382i,0.00015175+0.00086504i,0.00014948+0.00063965i,7.8867e-05+0.00032307i,0.00013206+0.00029343i,0.000556-0.00012169i,0.00029095-0.00050097i,-0.00029456-0.00081909i,-0.00014785-0.00095112i,-0.00030575-0.00068436i,-0.00026812-0.00018966i,0.00050559-0.00034395i
-0.0052968-0.00086714i,-0.0069233-0.0021926i,-0.0048071-0.0026996i,-0.0020743-0.0015258i,-0.00072279-0.0018647i,-0.00037547-0.0027606i,-0.0006536-0.0026348i,0.00017268-0.0020791i,0.0012348-0.0010941i,0.0011105+0.00038615i,0.00032792+0.00062378i,-0.00059694+0.00024386i,-0.00094679-0.00026726i,-0.00028058-0.00082036i,0.00038724-0.00046078i,0.00075831+4.429e-05i,0.00090487+0.00088735i,0.00095692+0.0010792i,0.00056562+0.00038029i,-0.00047613+0.00042i,-0.00085051-0.0002609i,-0.00035552-0.0006086i,7.9076e-05+0.000159i
0.00094701-0.0031712i,0.0014702-0.0015472i,0.00047809+0.0013278i,-0.00046745+0.0021184i,-0.00096303+0.0022232i,-0.0016534+0.001374i,-0.0021681-0.00020032i,-0.0023946-0.0011495i,-0.0014895-0.00067164i,-0.00063195-6.9023e-05i,-2.1587e-05+0.00013384i,0.00028121+0.00032818i,0.00046578+0.00048312i,0.00056852+0.00086239i,3.8065e-05+0.00080815i,0.00056442+0.00016614i,0.0014204+6.5235e-05i,0.001189+0.00031321i,0.00040396+0.00044055i,-6.5342e-05+0.00029245i,0.00013892+0.00067172i,0.00045946+0.00025887i,0.00040566-0.00082156i
0.00039444-0.0012623i,-0.00049841-0.0012086i,-0.00089094-0.0019771i,-0.00037679-0.0016482i,-1.1529e-05-0.0023992i,-7.2155e-05-0.0025379i,0.00021228-0.0018376i,0.00084573-0.0018092i,0.00053002-0.0014401i,-0.00030264+7.3277e-05i,-0.00045144+0.0016769i,0.00020565+0.00093479i,-9.7309e-05+0.00013137i,-0.0012101+0.0013148i,-0.0013322+0.00089185i,-0.0010853-0.00096403i,-0.0010023-0.0006669i,0.00048732+0.00031437i,0.0013083+0.00068747i,0.00067714+0.0010667i,7.3602e-05+0.00093878i,-2.669e-05+0.00044748i,-0.00021222+0.00010457i
0.00077042-0.0014146i,-9.0017e-05+0.0008894i,-0.0023039+0.00025577i,-0.0040904+2.2783e-05i,-0.003519+0.00040368i,-0.001816+0.00030943i,-0.0014998-0.00054967i,-0.0014425-0.0017188i,-0.0014398-0.001347i,-0.0010713-0.00017483i,-0.00046869-0.00011536i,-0.0004613-0.00037563i,-0.00078867-0.00010844i,-0.0012643+0.00021317i,-0.0010262+0.00017134i,-0.00043352-0.00032328i,3.9997e-05-0.00063815i,0.0011136-0.00095392i,0.0012501-0.00082238i,0.00064011-9.4442e-05i,0.00018504+0.00018886i,0.00033002-0.00030211i,-0.0001382-0.00053669i
-0.0018054-0.0025382i,-0.0034196-0.0026816i,-0.0016918-0.00051154i,0.0011313+0.0004193i,0.0018882-0.00061276i,0.0014319-0.00049318i,0.0005509-0.00056724i,-1.5822e-05-0.00050641i,8.0874e-05-0.00040346i,-0.00046238-0.00051549i,-0.00044406-0.00027207i,0.00020538+0.00035631i,0.00082471+0.00074196i,0.0011467+0.00080366i,0.0011043+0.00036661i,0.00071926+0.00037176i,0.00079201+0.00034527i,0.00047798+0.00032713i,-0.00023536+0.00022157i,-0.00043277-0.00019405i,-0.00094869-0.0010658i,-0.0011448-0.00094684i,-0.001239-0.00012441i
0.0039229+0.00060817i,0.0049914-0.00062804i,0.0031279-0.00035319i,0.00091262+0.00032457i,1.5082e-05-0.00050623i,-0.00034377-0.0023323i,-0.00056892-0.0037046i,-0.001142-0.0033312i,-0.0013401-0.0015631i,-0.00059556-0.00080175i,0.0004696-0.00085424i,0.00044873-0.00030823i,-0.00055394+0.00023073i,-0.00068745-3.7027e-05i,0.00021325-0.000237i,0.0010983-0.00014965i,0.00066675-0.0007049i,0.0002076-0.00082172i,-0.00039564+0.00021051i,-0.00042552+0.00048337i,-0.00014798+0.00017362i,-0.00017073-7.124e-05i,-0.00038176-0.00058704i
-0.0054701+0.0049237i,-0.0051983+0.0043945i,-0.0015414+0.0023914i,0.0013387+0.00096318i,0.0017518+0.00030668i,0.0014352-0.00046025i,0.00097433-0.0016745i,0.00061848-0.0010646i,0.00034603+0.00034319i,0.00012173+6.731e-05i,0.00014448-0.00072746i,0.00070369-0.00056422i,0.001109-0.00026899i,0.00032258-0.000974i,-0.00044816-0.0015194i,0.00093992-0.0011618i,0.0014222-5.4849e-05i,0.00040697+0.0010128i,6.2321e-05+0.0010031i,-0.00010492+0.00094581i,-0.00066654+0.00039364i,-0.00037313-0.00055413i,0.00038565-0.00053774i
0.001131-0.0020368i,0.00097444-0.0015095i,0.0015421-0.00034323i,0.0012763-0.00072304i,0.0010246-0.0014726i,0.00097511-0.0016539i,0.00015674-0.0023326i,0.00011917-0.0021871i,0.00082292-0.001085i,0.00047168-0.00049488i,4.074e-05-0.00039586i,0.00021429-3.4051e-05i,0.00083007+0.00030327i,0.00057887+0.0005738i,-0.00022453+0.00013395i,-3.6425e-05-0.0002842i,0.00053729-0.00021142i,-0.00029319+0.00030855i,-0.0013222-1.1032e-05i,-0.00050264-0.00059779i,-0.00021356-0.00093938i,-0.00014854-0.00095196i,-0.00039749-0.00041476i
0.00024004+0.0038436i,0.00065392+0.0041585i,0.00047737+0.0029737i,0.0010802+0.0018706i,0.00093989+0.00084992i,0.00057722-0.0014995i,-0.00037727-0.0018003i,-0.0010539-0.0010732i,0.00017891+0.00015046i,0.0011114+0.00075684i,0.00065969+0.00048685i,0.00038729+3.8083e-05i,-0.00013677-0.00031062i,6.7482e-05-0.00012688i,-0.00019459+0.00031794i,-0.00059597+8.7078e-05i,0.00014889-0.00033941i,0.0010969-0.00034603i,0.0013889-0.00041298i,0.0012605-0.00096975i,0.00091488-0.0011024i,0.00056906-0.00084568i,0.00028963-0.00074835i
-0.0028098-0.0021969i,-0.0028063-0.0017318i,-0.0023408-0.00041299i,-0.00093207+0.00058442i,0.00013858+0.00047084i,7.245e-05-0.00042617i,-0.0010999-0.0018509i,-0.0016816-0.0013577i,-0.0015769-0.00019604i,-0.00093268+4.5196e-05i,-0.0003164+0.0002236i,0.00010393+0.00025531i,0.00048579-0.00013409i,0.00048475-0.00016156i,4.2966e-05-1.8982e-05i,2.4957e-05-7.7482e-05i,0.00033537+0.00045812i,-0.00016264+0.00072921i,5.9061e-05+0.0005702i,0.00059046+0.00017655i,0.00026983-0.00052285i,0.00017873-0.00016502i,-0.00044051+0.00022122i
-0.0022575-0.0011061i,-0.0023562-0.00083326i,-0.0011606+0.00065882i,-0.00030677+0.00063159i,-0.0012231-0.00077366i,-0.0017766-0.001988i,-0.0017495-0.0019578i,-0.0017544-0.00061278i,-0.00089483-2.7546e-05i,-0.00018896-0.00029364i,-0.00018819-0.0010363i,-6.9445e-05-0.00089098i,-0.00046843-0.00035336i,-0.0009835-0.0005397i,-0.00066882-0.00024124i,-0.00069873+0.00018104i,-0.00027759-0.0004785i,0.00023388-0.0010674i,-0.00039736-0.00096237i,-0.00092097-0.00064811i,-1.1811e-05-0.00066849i,0.00014323-0.00083303i,-0.00055366-0.00041077i
0.00065526-0.0037022i,-1.3969e-05-0.0021313i,0.00010326-0.00013166i,0.00063934+0.0012722i,0.00054487+2.6294e-05i,0.00028845-0.0012065i,0.00091018-0.0017121i,0.0013728-0.0018147i,0.00067819-0.0011376i,-0.00033966-0.00036208i,-0.00082655-0.0003709i,-0.00058438-0.00043054i,-1.6236e-05+0.00041728i,0.00022013+0.00028659i,-0.00017221-0.00021473i,-0.00062854-7.2995e-05i,-0.00083936-0.00018684i,-0.00030527-0.0007862i,0.00016849-0.00080263i,0.00032382-0.00038341i,0.00072276-0.00064163i,0.00077226-0.00039293i,-0.00016063+0.0002679i
0.00020125+0.0020294i,-0.0002896+0.0021698i,0.00046691+0.0014011i,0.0014984+0.00075853i,0.00064237+9.2444e-05i,-0.00023156-0.0015203i,-0.00088028-0.0019208i,-0.0010035-0.0012047i,0.00012894-0.00035482i,0.00098218+0.00079265i,0.00052051+0.00053387i,-0.00058142-0.00018618i,-0.0011457+0.00034886i,-0.001241+0.00064728i,-0.00075538+0.00019426i,-3.7238e-05+0.00012154i,0.00025063-0.00060103i,-0.00036823-0.0010768i,-0.00082967+0.00017441i,-0.00020438+0.00094676i,0.00018592+0.0005051i,0.00013164+0.00035986i,-0.00035258+0.00072974i
-0.0035546-0.00074372i,-0.0048918-0.00026983i,-0.0034353+0.0009783i,-0.00075405+0.00078623i,0.001157-0.00090889i,0.001412-0.002117i,0.00036985-0.0015675i,-0.0004289-0.00084556i,-0.0003201-0.00015647i,0.00042534+0.0004562i,0.0011396-8.5129e-05i,0.00075634-0.0010646i,0.00025045-0.00080062i,-8.8318e-05-0.00051446i,-0.00032336-0.00025318i,-1.3301e-05+0.00014374i,-1.4315e-05+0.00090723i,-0.00012284+0.0017115i,-4.6535e-05+0.0011373i,0.00082963+0.00078744i,0.0012704+0.00020368i,0.00096872+0.00012276i,0.00089664+0.0010985i
0.00015682-0.00021023i,4.4806e-05-0.00015658i,-0.00020523+0.00032173i,0.00070164+0.00018577i,0.00044631-0.00041701i,-0.00032362-0.0016482i,-0.00081189-0.0019219i,-0.0014667-0.0014384i,-0.0015458-0.00086615i,-0.0005441-0.00033318i,-8.0351e-05+8.6353e-05i,0.00011312+0.00049793i,0.00057695+0.00059576i,0.00055253+0.00045789i,-7.1743e-05+0.00013269i,-0.00079595+0.00023524i,-0.00071499+0.0012638i,0.00027109+0.00075264i,0.00057067-0.00043724i,0.00036314+0.00017862i,0.00085914+0.00047698i,0.00087946+9.4799e-05i,0.00038729+0.00014807i
-0.002403+0.0011497i,-0.0010283+0.00093806i,0.00033612+0.0015209i,0.0022571+0.0015909i,0.0029088+0.001007i,0.0017782-0.0010099i,0.00081173-0.0024154i,-0.000198-0.0019367i,-0.00027822-0.00057829i,0.00064525+0.00038244i,0.00088571+0.00034883i,0.00054143+4.6469e-05i,-0.00015925+4.4194e-06i,-0.00053838+8.2552e-05i,0.00047364+0.00016846i,0.0011003+0.00068968i,0.00076157+0.0008279i,0.00053541+0.00030268i,9.8399e-05-6.7833e-06i,-0.00049136-0.00040874i,6.41e-05-0.00088797i,0.00060992-0.00066956i,0.00060293-0.000111i
-0.0012242+0.00041722i,-0.0017033+0.0017426i,-0.00059414+0.0022073i,0.00063387+0.00058645i,0.0007952-0.0011325i,0.00059994-0.002428i,-0.00021052-0.00249i,-0.0012571-0.0010371i,-0.00096226-0.00020752i,-0.00022141-0.00044361i,-0.00018935-0.00055419i,0.00023668-0.00092362i,0.00073429-0.00086095i,0.00037886-0.0004671i,0.0007615-0.00042733i,0.0011066+0.00012731i,0.00091903+0.00030242i,0.00017262+0.0010299i,7.9033e-05+0.0020565i,0.00068404+0.002176i,0.00021769+0.0012072i,-0.00068462+0.00031587i,-0.00059655+0.00024981i
-0.0023348-3.6843e-05i,-0.0027588+0.00014883i,-0.0024025+0.0020617i,-0.0012426+0.0024845i,0.00029724+0.0013152i,0.00051667-0.00014919i,-0.00020395-0.0013367i,-0.00072283-0.0014677i,-0.0013216-0.0014121i,-0.0017403-0.00065614i,-0.0013342-4.4256e-05i,-0.0010254-0.00015317i,-0.00092332-0.00025875i,-0.0010637-0.00017936i,-0.00063377-3.0494e-05i,-0.00039284-0.00032919i,-0.00036372-0.00081239i,-0.0002001-0.0010573i,0.00034941-0.00060347i,0.00074845-0.00030728i,0.00052816-0.00065226i,0.00057536-0.00021029i,0.00063355+0.000323i
9.8572e-05-0.0031934i,0.00027878-0.0021018i,0.00010596-0.00098879i,5.1616e-05-0.0012247i,8.9596e-05-0.0010168i,-0.00023541-0.00059996i,-0.00075881-0.0014117i,-0.00089231-0.0018917i,-0.00036586-0.0010445i,-0.00032615+7.5599e-05i,0.00025602+0.00044751i,-4.2151e-05+0.00069548i,-0.00065637+0.00057446i,-0.0006325+0.0002704i,-0.0005805-4.5526e-05i,-0.00025277+0.0002511i,6.907e-05+0.00092486i,0.00036856+0.0014929i,0.00065036+0.0010702i,0.00066415+0.00025609i,0.00042624-0.00062509i,0.00043011-0.00064786i,0.00012148-8.6199e-06i
0.0017379+0.0021441i,-0.00041237+0.00069044i,-0.0020941-2.9749e-05i,-0.0014752-0.00097578i,-0.0010789-0.0024113i,-0.0017408-0.0030881i,-0.0025911-0.0029556i,-0.002213-0.001439i,-0.00090609-0.00014546i,-0.00012717-7.4112e-05i,0.00036584-0.00025475i,0.00082072-0.0005935i,0.00065072-0.00073905i,-0.00011377-0.00020624i,-0.0001722+0.00093544i,0.00048025+0.00080614i,0.00069625-0.00011372i,0.00098958+0.00072604i,0.0010023+0.00059983i,0.0003365-5.9718e-05i,-4.1351e-05-0.00023669i,-0.00032042-0.00079371i,1.8915e-05-0.00078026i
-0.0032361-0.0033224i,-0.001808-0.0020825i,-0.0017665-0.00056359i,-0.001486+7.0041e-05i,9.6049e-05-2.9499e-05i,0.00059691-0.00073499i,-0.00024818-0.0015182i,-0.00043617-0.0017108i,2.602e-05-0.001021i,2.5198e-05-3.4412e-05i,0.00010502-0.00015149i,-0.00011865+0.00010918i,-0.00043444+0.00063202i,-0.00028851+0.00017266i,0.00027604+0.00063342i,0.00037542+0.0014304i,0.00077719+0.00072175i,0.0013569-0.00027861i,0.00091813-0.00045674i,0.00016737-7.1637e-05i,-0.00025533+0.00066202i,0.00012161+0.00067095i,0.00020281+0.00052642i
0.0053622-0.0014916i,0.0053735-0.0020335i,0.0036185-0.002403i,0.0021024-0.0024516i,0.00086648-0.0020914i,-0.00047568-0.0022076i,-0.00049987-0.0019777i,-0.00038333-0.00071261i,0.00022435-0.00075648i,0.00071887-0.00085739i,0.00011414-0.00045237i,-0.00066083-0.00029107i,-0.0011978-0.00027388i,-0.00097289-0.00011779i,0.00019432+0.00060515i,0.000649+0.00045072i,0.0004663-0.00027299i,0.00027651-9.991e-05i,-1.6281e-05+0.00093802i,0.00033124+0.0013225i,0.00063369+0.00070603i,5.7128e-05+0.00021301i,-0.00017681+0.00011045i
-2.0921e-05+0.0044991i,0.00079315+0.00355i,0.0019236+0.0021271i,0.002119-7.905e-05i,0.0012218-0.0012587i,-0.00029292-0.0019559i,-0.00047124-0.0023344i,0.00045258-0.0018511i,0.0004774-0.0012137i,0.00019911-0.00083602i,0.00040717-8.9819e-05i,0.00030539-3.6548e-05i,0.00041161-0.00067918i,0.00099877-0.00076926i,0.0010303-0.00033385i,0.00063508+0.00059062i,0.00040167+0.0010689i,0.00050924+0.00084525i,0.00053546+0.00080739i,3.2596e-05-0.00018328i,-0.00029521-0.00025623i,0.00017279+0.00040325i,0.00038642+0.00018744i
-0.004692-0.0017715i,-0.0040694-0.0013946i,-0.0034242+0.00053407i,-0.0019816+0.0019968i,-0.00014212+0.0014498i,-0.00059335-0.00055283i,-0.0011591-0.0024526i,-0.00085844-0.0032169i,-0.00097652-0.0024721i,-0.00043559-0.00049422i,0.00030855+0.0007271i,0.00070816+0.00090439i,0.00046337+0.00069993i,-0.00053909+0.00029399i,-0.0011881+0.00063826i,-0.00042204+0.0013037i,0.00016771+0.0012063i,-0.00015814+0.00046815i,-8.3071e-05-0.00026148i,-2.424e-05-0.00074678i,-0.00013072-0.00096953i,-0.00072044-0.0007314i,-0.00070448-0.0004538i
0.00074203-0.0018792i,0.0011442-0.0021949i,-0.00024458-0.00067823i,1.7181e-05+0.00078447i,0.0016501+0.00054276i,0.0012209-0.00085901i,-0.00027883-0.0020867i,-0.00044366-0.0012171i,0.00038604+0.000102i,0.00059382+0.00019808i,-0.00032162+0.00077171i,-0.00052078+0.0006149i,-0.00037971+4.7784e-05i,-0.00040367+0.00036006i,-0.0004164+0.00044983i,-0.00017639+0.0003111i,3.234e-05+0.00014542i,0.00052422-7.9263e-05i,0.00075259-0.00027196i,0.00018342-0.00031024i,0.00011866-0.0003666i,0.00017987+2.5946e-06i,-6.9511e-05+3.4486e-05i
0.00074878+0.002146i,0.00077921+0.0035959i,0.00037403+0.0026338i,-0.00030917+0.00038895i,-0.00084671-0.00095474i,-0.00053958-0.0017666i,-0.00026675-0.0019526i,-0.00058523-0.0016094i,-0.00076684-0.0015625i,-0.00035701-0.00040799i,-0.00035112+0.00020949i,-0.00070616-0.00046675i,-0.00088213-0.00033176i,-0.00064977-0.00061367i,0.00022893-0.00080337i,-4.985e-05-0.00034049i,0.00012126-0.00036399i,0.00056612-0.00022801i,0.00033333-0.00011872i,0.00037767+3.6668e-05i,0.00059631-0.00035082i,-5.2269e-05-0.00081365i,-0.00053079-0.00053492i
-0.0018052-0.00034759i,-0.0029293-0.00019074i,-0.0025482-0.0006001i,-0.00073444-0.00020064i,-3.5766e-05+0.00043687i,0.00017588-0.00028747i,8.8001e-06-0.0011077i,-0.00086638-0.00085579i,-0.0010432-0.00043303i,-0.00075596+4.8302e-05i,-0.00051296+3.8531e-05i,-0.00035253-4.0905e-05i,-0.00074092+0.00034811i,-0.00088652+0.00047743i,-0.00018901+0.00021591i,0.00021847-0.00028306i,0.00062192-0.00040917i,0.00058888+0.00017948i,0.00061622+0.00051599i,0.0006236+0.00028165i,0.00092858+0.00016252i,0.001186+0.00044285i,0.0011626+0.00032718i
-0.0014109-0.0045259i,-0.0014126-0.0030891i,-0.001718-0.0014362i,-0.0014181-0.0011768i,0.00026978-0.0010064i,0.00077015-0.0016233i,-0.0001415-0.0018149i,-0.00065952-0.00080963i,-0.00036544-0.00034697i,0.00061538+0.00046156i,0.00065132+0.0010143i,0.00055202+0.00043165i,0.00093443+0.0012237i,-3.8569e-05+0.0018774i,-0.00021882+0.0012801i,0.00066928+0.00020793i,0.00062696-0.00085864i,0.001006-0.00086728i,0.0012343-0.00047998i,0.00032929-0.00031403i,0.00055936-0.00115i,0.00097459-0.0013901i,0.00055394-0.00019877i
0.0018279+0.0048414i,0.0013159+0.0023393i,0.0013455-0.00015339i,0.0011171-0.001034i,0.00070182-0.001404i,0.00025262-0.0018065i,0.00038248-0.0017508i,0.00021803-0.0019268i,8.7445e-05-0.0017386i,0.00039236-0.0014101i,0.000693-0.00073746i,4.9361e-05+9.7093e-05i,-0.00046162-0.00014149i,-4.3786e-05-0.00028101i,0.00022314+0.00032279i,8.8895e-05-0.00029775i,0.00027563-0.0010488i,0.00045559-0.00039824i,0.00081024+0.00015093i,0.00058183-0.00017011i,-1.3243e-05-0.00081848i,-9.2146e-05-0.00098094i,0.00029886-0.00019932i
-0.0031386-0.0033589i,-0.0021779-0.0025754i,-0.00012194-0.0011192i,0.000859+1.5611e-05i,0.00048015-0.00015512i,0.00074922-0.00097016i,0.00044549-0.0021606i,-0.0007446-0.0021008i,-0.00060616-0.00099762i,-0.00029345-0.00012851i,0.00033201+0.00027495i,9.7596e-05+0.00057591i,-0.00034334+0.00022924i,-0.00018887-0.00054591i,-0.00093025-0.0001178i,-0.0006722+0.00044383i,-0.00020527+0.00018507i,-0.00019438+0.00036872i,6.069e-05+0.00070641i,7.276e-05+0.00014507i,0.00023053-0.00031989i,0.00022224-0.00027752i,-0.00014806-0.00064604i
0.0053546+0.00078805i,0.0020108+0.00053325i,0.0014663+0.00010703i,0.00066701-0.00062389i,-0.00015786-0.0022716i,-0.0010537-0.0026979i,-0.0020967-0.0025683i,-0.001738-0.0014452i,-0.0010464-4.4886e-05i,-0.00088514-0.00041925i,-0.00092177-0.00077059i,-0.0010387-0.00068914i,-0.00119-0.0002616i,-0.00084263+0.00066046i,-0.00050096+0.00072754i,-0.00020069+0.00013661i,-0.0001746+0.00035605i,-0.00055755+0.00025915i,-0.00045684-0.00028201i,-0.00037677-0.00051042i,0.0003544-0.00061985i,0.00062141-0.00020198i,-0.0001153+9.2988e-05i
-0.0018535+0.0027965i,-0.0007529+0.0024369i,-0.0005566+0.0015824i,-0.00097789+0.0023629i,-0.00034154+0.0021422i,0.0003457+4.2113e-06i,-2.6689e-05-0.001729i,-0.00070648-0.0020337i,-0.0017195-0.00050899i,-0.0020727+0.00021525i,-0.00093213-7.6274e-05i,6.1016e-05-8.4586e-05i,0.0003269-0.00014286i,-1.5509e-05-9.1701e-05i,-0.00073204-0.00012467i,-0.0001493-0.00013456i,0.00041524+0.00035052i,0.0002987+0.00045275i,2.1293e-05+7.1791e-05i,-0.00010644-0.00035879i,-0.00010213-0.00083681i,0.00010907-0.00047279i,-0.00050016+0.00037406i
-0.001266-0.0029016i,-0.0016155-0.0018291i,-0.00072458-0.0005252i,-0.00084178-0.0010332i,-0.0005158-0.0029002i,0.00051312-0.0029919i,0.00077754-0.0019377i,0.00029674-0.0012657i,-0.00024254-0.00047163i,-0.00062879+0.00039618i,-0.00056866+0.00093161i,-9.8887e-05+0.00030227i,0.00036354+0.00018172i,0.000334+0.00056302i,-0.00039894+0.00032385i,-0.00089849+0.00011377i,-0.00098502-0.00034689i,-0.00058879-0.0002426i,-5.9738e-05+8.8812e-05i,-0.0002942+0.00023169i,-0.00056225-0.00048127i,-0.00044605-0.0007973i,0.00020027-0.00024405i
0.0020494-0.00067344i,0.00063711-0.0015353i,7.797e-05-0.00076196i,0.0011604+0.00035673i,0.0010673+0.00018854i,-0.00073753-0.00071146i,-0.0021141-0.0016939i,-0.001511-0.0015346i,0.00020077-0.00020378i,0.00062408+0.00048525i,-0.00020837+8.6442e-05i,-4.6466e-05-0.00078657i,0.00051865-0.0012958i,0.00016337-0.00081271i,0.00026058-0.00030708i,0.00043436-0.00045866i,0.00081265-5.1987e-05i,0.00067381+0.00023942i,-0.00028739-0.0001794i,-0.00048875+0.00016823i,-0.00051178+4.2563e-05i,3.4436e-05-0.00036693i,-7.8423e-05-0.00060429i
-0.0028358-0.0013084i,-0.0024046-0.00067001i,-0.0024047-0.0003895i,-0.0021358+0.00017545i,-0.00083597+0.00045302i,0.00052693-0.00020825i,0.00055111-0.0014469i,-0.00063782-0.0010175i,-0.00056828-0.00018499i,3.5637e-05-0.00045553i,-0.00026235-0.00051535i,-0.00014841+0.00044905i,1.0842e-05+0.00075967i,0.00038926-0.00034267i,0.00060823-0.00018604i,-0.00035627+0.00045707i,-0.0012149+8.2631e-05i,-0.00046504+8.5264e-05i,0.00013706+0.00017758i,0.00016547-5.0735e-06i,0.00067455-0.00036839i,0.00089141-0.00041283i,0.00030082-0.00034964i
0.00053414-0.00138i,0.00019397-0.00085283i,0.00077811-4.3071e-05i,0.00096249-0.00010896i,0.00063819-0.0013366i,0.0005033-0.0017011i,0.00016788-0.0013992i,-0.00038518-0.001453i,-0.00074676-0.0005712i,-0.00083989+0.00064226i,-0.00034016+0.0004345i,-0.00021505-0.00052241i,0.00016938-0.0007459i,1.4924e-05-0.00044299i,-0.00029513-8.7598e-05i,-0.00010973+0.00029415i,-0.000149+0.00029877i,0.00013513+0.00049671i,0.0004368+0.00010482i,7.7955e-05-0.00046319i,4.5036e-05-0.00012042i,0.00047927+0.00041969i,0.00042865+0.00028889i
0.0016316-0.0013574i,9.4151e-05-0.0021357i,-0.00080783-0.00017338i,-0.0018079+0.00077958i,-0.0016717+0.00067159i,-0.00077344+0.00091849i,-0.00072126+7.7743e-05i,-0.0012888-0.0011664i,-0.001284-0.0011149i,-0.00074571-0.00016187i,-0.0003985+0.0005945i,-0.00042434+0.00099937i,-0.00031518+0.0012806i,-0.00038444+0.0012682i,-0.00028499+0.00095034i,-0.00025861+0.00038162i,0.00032784+0.00046587i,0.0010208+0.00046401i,0.00073932+6.5017e-05i,0.00041369+0.00064651i,-1.2348e-05+0.0009659i,0.00030467+0.00059444i,6.214e-05+0.00061237i
-0.0025108+3.4313e-05i,-0.0012058+0.00041607i,-0.00040365+0.00070446i,0.00056627+0.00095158i,0.00076433-7.2481e-05i,0.00041077-0.0015705i,-0.00017059-0.0025484i,-0.00052362-0.0020161i,-0.00016637-0.0010241i,-6.8994e-05-0.00016943i,-0.0004548+0.00039808i,-0.0006421+0.00073756i,-0.00069878+0.00052084i,-0.00012042+0.00019315i,0.00077732+0.00038831i,0.00033955+0.00029078i,-0.00046845+0.00034397i,-0.00012849+0.00027295i,0.00016362+0.00019502i,1.2243e-05+0.00077691i,0.00024811+0.00065986i,2.3049e-06+0.00069502i,-0.00034082+0.00040193i
-0.0031784-0.00076133i,-0.0036967+0.00047854i,-0.0021637+0.00019364i,-0.00059833-0.00060303i,0.0002812-0.0010649i,0.00059714-0.0012829i,-0.00019455-0.0019194i,-0.0010203-0.0023499i,-0.00061922-0.00082256i,-0.0002485+0.00044145i,-0.00037067-0.00016161i,-0.00018266-0.00011489i,2.1875e-07-0.00046906i,-0.00021574-7.5999e-05i,3.1262e-05+0.00058585i,0.0008162+0.00021483i,0.00079834+4.7812e-05i,0.00089933+7.6863e-05i,0.0010689+0.00017861i,0.0010242+0.00028824i,0.00091248-0.00017148i,0.00060099-0.00084919i,0.00055527-0.00071293i
0.0037319+0.0024466i,0.003307+0.00069412i,0.0024508-0.00016708i,0.0030051-0.00085421i,0.0027595-0.0024912i,0.0014263-0.0030625i,0.00049865-0.0021453i,0.00060817-0.0018057i,0.00075509-0.0011643i,-7.2194e-05-0.00023143i,0.00015411-0.00016145i,0.0003132+0.00026836i,-0.00045546+0.00094851i,-0.00069548+0.00071392i,-0.0003845-0.00017218i,-0.0003753+1.6536e-05i,3.351e-06+0.00062965i,0.00020584+0.00089947i,0.00053027+0.00039769i,0.0009093+7.3718e-05i,0.00069123+0.00014728i,0.000614+0.00030045i,0.0003665+0.00040636i
-0.0038685-0.0024791i,-0.0025773-0.00035893i,-0.00052672+0.0012867i,0.00042182+0.00095704i,0.0011263+0.00072694i,0.0012295-0.00045184i,0.00029673-0.0020331i,-0.00011095-0.0021845i,-0.000528-0.00098993i,-0.0011525-0.00041253i,-0.00082401-0.00087332i,-0.00041573-0.00076623i,-0.00066494-0.00013797i,-0.00067229+0.00026241i,-0.00026465+3.732e-05i,3.9667e-05-0.00019978i,1.0396e-05-0.00027309i,-9.812e-05-0.00033752i,-4.1418e-05+0.00040477i,-2.042e-05+0.0006443i,7.4969e-05+0.00027396i,-0.00027693-9.1623e-05i,-6.8715e-05-0.0010697i
0.002957-0.0015888i,-3.6918e-05-0.0014158i,-0.00048593+0.00012318i,0.00013449+0.00033614i,0.00054086-0.0012134i,0.00016647-0.0017145i,-0.00094521-0.0018521i,-0.0013881-0.0017342i,-0.00093519-0.0013651i,-0.00015146-0.0014779i,0.0002286-0.0014577i,-0.00032425-0.00094521i,-0.0011479-0.00060221i,-0.0010035-0.00093785i,0.00012103-0.00087177i,0.00089335-0.00044826i,0.00077373-6.5761e-05i,0.00012183-0.00028699i,0.00081796-0.0001761i,0.0007479+0.00073165i,0.00043656+0.00042831i,0.0010509+0.0001017i,0.00055974+0.00014286i
-0.0024129+0.0023378i,-0.0027356+0.0025997i,-0.0026225+0.0020464i,-0.00061681+0.0019083i,0.0012912+0.0015284i,0.0011297-0.0005791i,0.00059461-0.0022191i,-0.00042412-0.0022324i,-0.0012196-0.0010197i,-0.0011059-2.6199e-06i,-0.00047385-0.00034688i,-0.00056007-2.3533e-05i,-0.00077448+0.00050756i,-0.00024049+0.00011957i,-0.00018932+1.083e-05i,-4.6243e-05+4.3823e-05i,-0.00011059-0.00046449i,-0.00043245-0.00050822i,0.00018123-0.00028078i,0.00041518-0.0002736i,0.00018179-0.0001037i,0.0004004-0.00048768i,0.00066214-0.00059394i
-0.00059333-0.0060705i,-0.0016415-0.0043603i,-0.0026851-0.0013755i,-0.0021481-2.9698e-05i,-0.0010039-0.00083489i,0.00034294-0.0014252i,0.0010432-0.0018751i,7.1951e-05-0.0018864i,-0.0010651-0.0013039i,-0.00089669-0.0012183i,-0.00056669-0.00033394i,0.00024848+0.00036067i,0.00033052-0.00024965i,-0.00043556-0.00010473i,-0.00057971+0.00039472i,-0.00046716+0.00062907i,-0.00014226+0.00059865i,-8.9621e-06+0.00041618i,-9.1093e-05+0.00071396i,0.00011548+0.0004868i,-0.00023614+0.0010207i,-0.00056851+0.00070988i,-0.00018994-9.22e-05i
0.0046703+0.0020031i,0.0027121+0.00081737i,0.0011511-0.0015647i,0.00011799-0.0023058i,-0.00052312-0.0022203i,-0.0014348-0.0016666i,-0.002065-0.0015504i,-0.0011522-0.0019189i,-4.0094e-05-0.0010789i,0.00014772-0.00011857i,0.00011243-0.0001607i,-0.00025725+4.3195e-05i,-0.0010845-0.00011016i,-0.0011364-0.0002025i,-0.00081962+4.4703e-05i,-0.00029212-6.6958e-05i,0.00017455-0.00071919i,-0.00020179-0.00094949i,-0.00049041-0.00054388i,-0.00012362-0.00015994i,0.00069147-0.00018906i,0.00090609-0.00042452i,0.00043466-0.00050332i
-0.0045173-0.00037223i,-0.0035834+0.0009987i,-0.0019989+0.0013238i,-0.0011081+0.00079375i,-0.00039422-0.00075019i,0.00027404-0.001821i,0.00018116-0.0019498i,-0.00047168-0.0017558i,-0.00027986-0.0011218i,0.00024644-0.00020871i,-0.0002361+8.9178e-05i,-0.00043029-0.00023891i,-0.00034084-3.2391e-05i,-0.00024807+0.00026226i,-0.0005747+1.9435e-05i,-0.00060973-9.8412e-05i,0.00026648+0.00046138i,0.00080073+0.0001923i,0.0004195-0.00034415i,-0.00018353-0.00077339i,0.00018546-0.00047959i,0.00043826+0.00012164i,0.0003353-1.2001e-05i
0.0018884-0.0026665i,0.00041038-0.002391i,-0.00075232-0.0010168i,-0.0014601+0.00064308i,-0.0011291+0.00092431i,-0.00041245-0.0004326i,-0.00020494-0.001675i,-0.00022943-0.0016598i,-7.3913e-05-0.00073287i,0.00025055-0.00024536i,-6.9167e-05+0.00025693i,0.00036788+0.00044769i,0.00095838-0.00015677i,0.00037527-0.00015556i,-0.00059659+0.00062953i,-0.001194+0.0019751i,-0.0015821+0.0021165i,-0.00076086+0.0013451i,0.0006105+0.0010768i,0.0007261+0.0011145i,1.9492e-05+0.00018968i,0.00010412-8.8508e-05i,-9.7828e-05+0.00039439i
-0.0010519-0.0015319i,-0.001083-0.0027529i,-0.0017553-0.0013816i,-0.0018937+0.00042969i,-0.0014882+0.00044915i,-0.00042679-0.0001329i,0.00035326-0.001104i,-0.000432-0.0011798i,-0.00098521-0.00060666i,-0.00068856-2.9694e-05i,-0.00046176+0.00062648i,-0.00020583+0.0011235i,-0.00057571+0.00042598i,-0.00073249-6.6754e-05i,-9.0178e-05+0.00048065i,2.9636e-05+0.00058489i,0.00043921-2.7862e-05i,0.00054568-0.00037026i,0.00052366-0.00043701i,1.2753e-05-0.00084316i,-0.00026806-0.00055785i,0.00022724+0.00019859i,0.00049564+0.0012937i
-0.0023609-0.0009917i,-0.0016405+0.00096872i,-0.0014959+0.00076641i,-0.00041653+0.00021216i,0.0011705-0.00014009i,0.0011993-0.00078513i,0.00015224-0.00084876i,-0.00077758-0.0010974i,-0.0013585-0.00088367i,-0.0011392-0.00047987i,-0.0001554-0.00062793i,2.754e-05-0.00035083i,-0.00059588+4.2831e-06i,-0.00061807+0.00038119i,-0.0011034-5.1715e-05i,-0.0005128-0.00051085i,-6.1593e-05-0.00011786i,-5.5986e-05+0.00057449i,-0.00036232+0.00030097i,-0.00072323+0.00026993i,-0.00028378+0.00067606i,0.00047522+1.7478e-05i,0.00037018-1.643e-05i
0.0017313-0.0013191i,0.00038684-0.00089103i,-9.1488e-05+7.2782e-06i,0.00023931+0.0010719i,0.00090176+0.00076877i,0.00096196-0.00041314i,0.00036145-0.0013169i,-0.00013091-0.0014165i,-0.0010666-0.00064884i,-0.0011827+0.00037389i,-0.00033459+0.00022363i,0.00019978+0.0002092i,0.00027655+0.00093313i,-0.00039649+0.00057495i,-0.0004279+1.6271e-05i,-0.0001485-0.00020885i,-0.00032134-0.00022809i,-5.0941e-06+0.0001833i,0.000341+0.00029697i,0.00017252+0.00021119i,-4.1257e-05+0.00017208i,-0.00031259-0.00050787i,-7.1084e-05-0.00073336i
-0.0008658+0.0024703i,-0.00056977-0.0012168i,-0.001028-0.0025367i,-0.0012636-0.0018061i,-0.00085275-0.00080567i,-0.0010365-0.0016311i,-0.001406-0.0022734i,-0.00099578-0.0017046i,-0.00080775-0.00071953i,-0.00074881-0.00035434i,-0.00018548-0.00091672i,-3.5677e-05-0.00075648i,-0.00025306-0.00041231i,-0.00015153+7.8163e-05i,-0.00026852+0.00067567i,-0.00085687+0.00065158i,-0.00056975+0.00078505i,0.00040679+0.00037713i,0.00069135+1.7802e-05i,0.00021644-0.00012808i,-9.9822e-05-0.00023359i,-0.00020891-0.00022451i,-0.00050403-0.00010361i
-0.0015425-0.0026199i,-0.0011799-0.0016797i,0.00056212-0.001061i,0.00088402-0.0017976i,0.00030318-0.0022413i,0.00078029-0.0015585i,0.0001763-0.0014583i,-0.00066025-0.0017596i,-0.0001631-0.00090271i,3.3019e-05+0.00013341i,-3.9897e-05+0.00015591i,-1.7317e-05+0.00016581i,-0.00021426+0.00013659i,-0.0011028-0.00024759i,-0.00083938+0.00011661i,-1.6345e-05+0.00048392i,-0.00023952+0.00037686i,-0.00053926+0.00040034i,-0.0008549+0.00022196i,-0.00044053+0.00040237i,-0.00011009+0.00016324i,-0.00037684-0.00053105i,-5.2172e-05+0.00015141i
0.0030654-0.00016271i,0.0023669-0.0012966i,0.00024748-0.00093285i,-7.6721e-06-0.00015744i,0.00092396-2.2949e-05i,0.001236-0.00012303i,0.00079549-0.0010222i,0.00044564-0.0014254i,-0.00045855-0.00054789i,-0.0010231+0.00040371i,-0.00044857+0.00074057i,-0.00025765+0.00041884i,-0.00016514+0.00010934i,-0.00026237+0.00034804i,-0.00067465+0.00075355i,-0.0006932+0.00068278i,0.00048815-4.1516e-05i,0.0011646-0.00033226i,0.0013799-0.00026827i,0.00075408-6.8733e-05i,-0.00041077+0.00053441i,-0.0003966+0.00076025i,-0.00031924+0.00035037i
-0.0038434+0.0024021i,-0.0019602+0.0016696i,-0.00014652+0.00040245i,0.00040426-0.00023672i,0.00047606-0.0011386i,0.00075392-0.0028257i,0.00087736-0.0029607i,0.00011333-0.0014332i,-0.00010356-0.00040499i,1.6186e-07+0.0006584i,0.00018872+0.00038444i,0.0011981-0.00016505i,0.0015957+0.00015032i,0.00056364+0.00016284i,0.00016571-0.00040477i,2.2504e-05-0.00020884i,-0.00087747+0.00090233i,-0.00076217+0.001181i,-0.00012018+0.00017756i,0.00045174-0.0006119i,0.00068713-3.4967e-05i,8.1403e-05+0.00012749i,-0.00093218-0.00029866i
0.0010659-0.0037773i,-0.00069214-0.0021707i,-0.00086408-0.00044976i,0.00043002-0.00036172i,0.00076365-0.00079737i,-8.1813e-05-0.0011273i,-0.00054378-0.0012723i,-0.0010378-0.0012117i,-0.00077586-0.001526i,0.00011586-0.0012454i,0.00012727-0.00071798i,-0.00042162-0.00028748i,-0.00084272+0.00043486i,-0.00087965+0.00064645i,-0.00033016+0.00095518i,-0.0003141+0.00092303i,-0.00026026+0.00077286i,-0.00011445+0.00062641i,-0.00025257+0.00049058i,-0.00018121+0.00017942i,-7.9012e-05-0.00055941i,-0.00023777-0.0002397i,-9.9538e-05+0.00044979i
0.0026088+0.0028658i,0.0027743+0.00080231i,0.0015983-0.00019141i,0.00099157+0.0010387i,0.00072852+0.00091246i,0.00057119-0.00051183i,0.00045964-0.0018292i,-0.00058308-0.0019761i,-0.0011215-0.00050413i,-0.00067365+0.00071211i,1.1723e-05+0.00064444i,0.00037929+5.6065e-05i,0.00042642-0.00046342i,0.00035496-0.00033126i,0.00015797-1.9945e-05i,0.00058249+0.00028285i,0.00070657+0.00048415i,0.00038627+0.00014027i,0.00017965+0.00056841i,-9.1512e-05+0.0010471i,-3.3596e-05+0.00058486i,4.0874e-05+0.00041881i,0.00036634+0.0012408i
-0.0016854-0.0021757i,-0.0020578-0.0022437i,-0.0015007-0.0013536i,-0.00035281-4.8999e-05i,0.00014655-0.00066321i,0.00034774-0.0020701i,-7.0243e-05-0.0017147i,-0.00022473-0.0013409i,0.00010723-0.00072799i,0.00010846-0.00071317i,-0.00050799-0.0007903i,-0.0008717-0.00037979i,-0.00085658-2.1541e-05i,-0.00079352-0.00038867i,-0.00078882-0.00076067i,-0.0010819-0.00031148i,-0.00066458-0.00048339i,0.00070893-0.00055772i,0.00072122-0.0001683i,-7.0326e-05-0.00045892i,8.8878e-05-0.00097151i,0.00040628-0.00062564i,0.00084855+2.1311e-05i
0.0023663+4.5586e-05i,0.00032417+0.0010002i,0.00043049+0.0012519i,0.00164+4.0152e-05i,0.0010983-0.00078696i,-0.00060054-0.0011441i,-0.00085021-0.0015714i,-0.00035733-0.0014723i,-0.00026776-0.00094434i,-0.00034912-0.00051515i,-0.00064557-0.00069533i,-9.2483e-05-0.0002411i,-0.00021261-0.00012061i,-0.00035149+9.5098e-05i,-0.00039044+0.00082029i,-0.00038678+0.00091932i,-0.00021093+0.00055809i,-9.4988e-05+7.3799e-05i,0.00027867+6.6319e-05i,0.00053566+0.00057659i,0.00064471+0.00059173i,0.0005622-4.9198e-05i,0.00061448-0.00058875i
-0.0026269-0.00064109i,-0.00057865-0.0018186i,-0.0010277-0.0012543i,-0.0011385+0.00018761i,0.00061855+0.00036538i,0.0013347-0.0010827i,0.0003108-0.0019525i,-0.0013366-0.0018227i,-0.0012243-0.00054421i,0.00013342+0.00043326i,0.00086904+0.00045618i,0.00057266+0.00043566i,0.00038939+0.00022269i,0.00036632+0.00031063i,-8.917e-05+0.0003789i,0.00014973+0.00017187i,0.00055979-0.00048789i,8.1405e-05-0.00097645i,0.00022311-0.0013895i,0.0011221-0.00095818i,0.0013258-0.00020007i,0.00030319+0.00014313i,-0.00042415+0.00018581i
-0.00086841-0.00051271i,-0.00061884-8.7814e-05i,0.00036189+0.00087158i,0.0005527+0.00068207i,2.0068e-05-0.00052101i,-3.3943e-05-0.0013451i,9.8065e-05-0.0017304i,0.00048935-0.0020197i,0.00066925-0.0014947i,0.00076318-0.00042949i,0.00055811+3.4216e-05i,0.00018321-0.00022955i,0.0004379-0.00042676i,0.00047347-0.00019541i,0.00077786+6.4619e-07i,0.00032892-0.00015129i,-0.00017804-0.00039511i,-3.1281e-05-0.00022767i,4.3903e-05+0.00046329i,0.00033286+0.00077039i,0.00032856+0.00051866i,-7.7486e-05-1.5107e-05i,-8.3358e-05-0.00026216i
-0.0037278-0.00063806i,-0.0037495+4.966e-05i,-0.0032894+0.001995i,-0.0013131+0.0023689i,0.00027509+0.0014899i,0.00061042+0.0006939i,0.00045723-0.00035913i,-0.0001836-0.00082873i,-0.00014729-0.00042037i,-0.00038737+0.00045337i,-0.00060832+0.0004607i,-0.00019931-0.00024145i,-0.0009695-0.00066749i,-0.0017632-0.00040184i,-0.0011335+0.00023308i,-0.00040301+0.00057271i,-0.00030035+0.00066543i,-1.2433e-05+0.00043597i,-0.0001904+0.00037486i,-0.00029119+0.0010771i,-0.00023001+0.0011701i,0.0001264+0.00042037i,0.00025492-0.00034424i
-0.00035545-0.0014436i,0.0015637-0.0014186i,0.0011039-0.00097725i,0.00041979-2.2457e-05i,0.00019703-0.0002073i,0.00013309-0.0014128i,0.00035737-0.0020742i,-0.00044538-0.0013357i,-0.0011038-9.9903e-05i,-0.00070485-0.00026321i,-0.00076882-0.0002374i,-0.0011515+0.00030412i,-0.0007225+6.5896e-05i,-1.9824e-05+0.00018092i,0.00045968+0.00045925i,-8.6368e-05+8.2899e-05i,-0.0010259-0.0007488i,-0.00022725-0.00059161i,0.00042844-0.00029031i,0.00016457-0.00061975i,-0.00012273-0.00082143i,0.00044402-0.00059367i,0.0011039+0.00012249i
0.0001359-0.00011601i,-0.00056284-0.00023216i,-0.0012049+0.00062447i,-0.00081693+0.00066707i,0.00030342-0.00059095i,-1.3634e-05-0.0015697i,-0.00062088-0.0012221i,-0.00068281-0.00052815i,-0.00019385-0.00029797i,0.00051609+0.0002176i,0.00036929+9.1538e-06i,-0.00037326-0.00069815i,-0.00052087-1.8408e-05i,-6.2632e-05+0.00016909i,-9.301e-05-0.00077043i,-5.2477e-05-0.00050893i,-4.2614e-05+0.00024696i,-0.00029212+8.5153e-05i,-0.00024056-1.3429e-05i,0.00024132+0.00027984i,0.00052143+0.000406i,0.000503+0.0002672i,0.00027981-0.00021842i
-0.0032734-0.0019809i,-0.0025998-0.0018511i,-0.0013576-0.00082767i,-0.0013219+0.00027632i,-0.0010486+0.0011114i,0.0010056+0.00084887i,0.0020908-0.00041748i,0.0012678-0.0010992i,-0.00092896-0.0010498i,-0.0011222-0.00074924i,-0.00057381-0.00014008i,-0.00021905+0.00073191i,-0.00023093+0.0010025i,-0.00052161+0.0010042i,-0.00014381+0.00048859i,0.00053396+1.2647e-05i,0.00090775+0.00030011i,0.0009952+0.00029936i,0.0014749+0.0010918i,0.00062039+0.0016974i,-0.00014214+0.00093257i,6.8759e-05-0.00044282i,0.00022996-0.0003268i
-0.00071527-0.0035888i,-0.00071598-0.002476i,-0.00028369-0.0010106i,0.000102-0.00080019i,1.3636e-05-0.0015814i,-0.00020418-0.001853i,-0.00041454-0.0019602i,-0.00031039-0.0020065i,-0.00042894-0.0013459i,-0.0007603-0.0002891i,-6.0799e-05+0.00018285i,0.00095271-0.00051674i,0.00078435-0.00095198i,0.00073715+0.00028411i,-0.00020881+0.0013287i,-0.0009236+0.00040581i,-4.4178e-06-0.00022353i,0.00081008+0.00023011i,0.00156+0.00066852i,0.0010017+0.00033557i,-0.00030849-0.00020906i,-0.00045708-0.00032055i,-0.00042844+0.00014186i
0.00037389-0.00085898i,-0.00049506-0.00097272i,-0.0010685-0.00043851i,-0.00013428+0.0012788i,0.0006499+0.00097948i,0.00040555-0.00061103i,-0.00030206-0.00095629i,-0.00078782-0.0012918i,-0.0010247-0.00090573i,-0.0005218+0.00010126i,0.00051769+0.00019816i,0.0011913+5.6901e-06i,0.00055181-0.00018246i,-0.00011126+0.00011878i,-7.1356e-05+6.4771e-05i,0.00040635-1.2007e-05i,0.00086019-2.2682e-05i,-0.00045156+5.9745e-05i,-0.00094429+0.00063842i,-0.00053595+8.1744e-05i,-0.00099408-0.00073914i,-0.0003688-0.00069815i,0.00047159-0.0006729i
0.00028089+0.0009554i,-0.00075079+0.0011413i,-0.0024538+0.0013586i,-0.0013702+0.0011115i,0.00045953-0.0003915i,0.0013549-0.0013537i,0.0012444-0.0016885i,0.00054128-0.0016597i,-0.00032119-0.00082037i,-0.00056363-2.8952e-05i,-0.001368+0.00064578i,-0.0016974+0.0010263i,-0.00022918+0.00019764i,-0.0002504-3.8008e-05i,-0.0010007+0.0002613i,-0.00060962+0.00024096i,-0.00020761+0.00060839i,0.00014144+0.0013694i,0.00038106+0.0014826i,0.0003847+0.00074865i,0.00057062+0.00010688i,0.0006529-0.00019635i,0.00023612-0.0004855i
-0.0010893-0.0018887i,-0.0012463-0.0024009i,-0.00037393-0.0023928i,0.00058284-0.0019529i,0.00096415-0.0016053i,0.0012686-0.0019942i,0.0013387-0.0026393i,0.00032253-0.001989i,0.00034232-0.00085442i,0.00027508-0.00046768i,-0.00023179-0.000848i,0.00021479-0.0013751i,0.00019509-0.00097156i,0.00014685-0.00023387i,-0.00018893-0.00046246i,-0.00056809-0.00041491i,-2.3952e-06-4.1733e-05i,0.00023572+0.00059997i,9.932e-06+0.00082016i,-1.592e-05+0.00052674i,-0.00020254+0.0005834i,-0.00024187-0.00034367i,-0.00040469-0.0011713i
0.0012114+0.0037953i,0.00098234+0.0022588i,0.0015226+0.0014549i,0.0017739+0.00080686i,0.0016803-0.00060197i,0.0010004-0.0017764i,-0.0004739-0.0022418i,-0.00043945-0.0022i,1.1791e-05-0.00079427i,-0.0003117-1.1154e-05i,0.00035796-0.00044445i,0.00045956-0.00096387i,-0.00029075-0.00079405i,-0.0003697-0.00030828i,-0.00075143-0.00023418i,-0.00097274+5.3628e-05i,-0.00027659+7.8065e-05i,0.00016988-6.4107e-05i,0.00044111+0.00011262i,-7.9518e-05+0.00041858i,0.00040655+0.00052328i,0.00076917+7.4344e-05i,-0.00016648-0.00045965i
0.00051279-0.0020279i,0.0010426-0.0021821i,0.00070988-0.0019538i,0.00016132-0.0010961i,0.00052527-0.0016923i,0.0012217-0.0023149i,0.0010032-0.0020194i,0.00056405-0.0013811i,0.0011459+0.00025671i,0.0011781+0.0011231i,0.00045955+0.00070076i,8.8713e-05+0.00066548i,-0.00010504+8.8017e-05i,0.00016578-0.00057161i,0.00041925-0.00046985i,-0.00016057+1.2138e-05i,-0.00083625+0.00058947i,-0.00070466+0.00017315i,-0.00071313-0.00028198i,-0.00035043-0.00028656i,0.00016359-0.00020528i,-0.00010668-0.00031743i,0.00034106-0.00059533i
0.0023444-0.00023098i,0.00034698+0.00046035i,-0.0011247+0.0013404i,-0.0014925+0.002104i,-0.0011339+0.0017151i,-0.00061385-0.00020361i,-0.0008277-0.0020827i,-0.0011387-0.0022237i,-0.0010568-0.0014279i,-0.00091509-0.00050733i,-0.00047742-8.2741e-05i,-0.00089176+3.5269e-05i,-0.00052428-0.00055469i,5.8488e-05-0.0010269i,0.00016145-0.00035005i,0.00011674+0.00054433i,0.00040597+0.00062922i,0.00047565+0.00047921i,0.00027649+0.00022597i,0.00042748-0.00058839i,0.00068818-0.00047389i,0.00061929+0.00072238i,0.00049288+0.00089788i
-0.001571-0.0017174i,-0.0016256-0.0012176i,-0.0022617-0.00019717i,-0.0021624+0.00030274i,-0.0012716+0.00062916i,-0.00072448+0.00073516i,-0.00044856-8.7442e-06i,0.0002314-0.00025386i,6.3791e-05+3.5681e-08i,-0.0009391+0.00043228i,-0.0014051+0.00038698i,-0.00042051-0.00020858i,0.00018633-0.00042051i,-0.00031229-0.00024347i,-0.0003268-0.00021817i,-0.00011726-0.00042411i,-0.00074698-0.00051766i,-0.00091353-0.00020881i,0.00055473-4.4345e-05i,0.0015336-2.8838e-05i,0.0010943-9.7007e-05i,0.00056533-0.00036684i,0.00043946-0.00056144i
0.0010856-0.0033011i,0.00024031-0.0029405i,-0.0021152-0.0033479i,-0.002764-0.0016922i,-0.0023111+0.00033474i,-0.0011588+0.00073471i,-0.00019279-0.00022467i,-0.00039772-0.00072456i,-0.00015201-0.00036054i,-0.00025501+0.00019327i,-0.00024767+2.6465e-05i,0.00066905-0.00012624i,0.0005656-0.00013818i,-0.00027885-0.00070709i,-0.00036899-4.4487e-06i,1.4636e-06+0.0011834i,-0.00044258+0.0013597i,-0.00033578+0.00073072i,0.00026462+4.2058e-05i,0.00026035-0.00027647i,0.00034644-3.1214e-05i,0.00038831-8.4724e-05i,0.00069282-0.0004318i
-0.0017072-0.0018577i,-0.0016159-0.0042177i,-0.0022089-0.0031141i,-0.0011863-0.00069333i,9.464e-05-0.00088544i,-0.00076463-0.0029381i,-0.0013707-0.0038162i,-0.00089969-0.0025473i,-0.00071234-0.00073977i,-0.00028224+0.00040761i,0.00070253+0.00036254i,0.0011622+9.6039e-05i,0.00049387+0.00037247i,-0.00026483-0.00013758i,-0.00017029-0.00034398i,9.1873e-05+0.0010446i,-0.00072321+0.0015037i,-0.000716+0.00072005i,-0.00058251+0.00039717i,-0.00053488+0.00017454i,3.8088e-05+0.00047398i,0.00087533+0.0009903i,0.0010696+0.00031435i
-0.0019551-0.010025i,-0.0019545-0.0073488i,-0.0065392-0.0037113i,-0.007138+0.0023906i,-0.004279+0.0063447i,0.0004711+0.005365i,0.0025386+0.00083101i,0.00097843-0.0014826i,-0.00088632-0.00075284i,-0.0024148+0.0016548i,-0.0019758+0.0036887i,9.4016e-05+0.0040691i,0.0008675+0.002945i,-0.0001023+0.0014768i,-0.0014397+0.00083322i,-0.00082988+0.00087421i,0.00036473+0.00015743i,0.00096606-0.00060565i,0.001517-0.00020915i,0.00056398+0.00050053i,1.6903e-05+0.00030566i,0.00016821-9.0596e-06i,0.0006755+0.000344i
0.0020353+0.013215i,0.00266+0.010563i,0.0084434+0.0078827i,0.0096778+0.0013677i,0.0078851-0.0043349i,0.0036918-0.0060137i,0.0010405-0.0032216i,0.0012951-0.00067636i,0.0022443+0.00033991i,0.0024986-0.00059019i,0.0013309-0.0027664i,-0.00019088-0.0037511i,-0.00143-0.0029082i,-0.00074448-0.0017619i,0.0011629-0.0016777i,0.0010993-0.0018539i,-0.00062527-0.00099704i,-0.0011192+0.00019183i,-0.00095255+0.00035011i,-0.00078189+0.00036169i,-0.00090546+0.00039636i,-0.0010793-0.00010834i,-0.00073633-0.00042011i
-0.0013579+0.0043494i,-0.0017786+0.004709i,0.00069429+0.0037044i,0.002558+0.0014696i,0.0027417+0.00032742i,0.0015167-0.00068873i,0.00062038-0.0015735i,0.00050915-0.0012914i,0.00021353+2.228e-05i,-0.00033896+0.00013488i,-0.00077756-0.00077858i,-0.00082689-0.001235i,-0.00088932-0.00071959i,0.0002411-0.0010482i,0.0010241-0.00092379i,0.00084846-0.00034251i,0.00095386-0.00028635i,0.00052535-0.00046867i,-0.00036962+1.4748e-05i,-0.00012779+0.00026585i,0.00046652-0.00044781i,0.0002947-0.00085495i,0.00024888-0.00056945i
-0.00075405-0.0015111i,-0.0014336-0.002852i,-0.00043555-0.0012578i,0.0010696-0.0006558i,0.0025582-0.0024584i,0.0032966-0.0039304i,0.0030544-0.0032865i,0.0012062-0.0019943i,0.00010941-0.0008967i,0.00035525-0.00019534i,6.6548e-05+4.1127e-05i,0.00079105+0.00023476i,0.0013357+2.9411e-05i,0.00061113-6.5176e-05i,0.0002575+0.00011284i,9.4577e-05-0.00044192i,-0.00054645-0.00057557i,-0.00075325+0.00036543i,-0.00034592+0.00083495i,-0.00019237+0.00091778i,-0.00027598+0.00083554i,-0.00014466-0.00041137i,-0.00018237-0.00098429i
0.0029011+0.00056993i,0.0025073+0.00083361i,0.0020134-0.00023903i,0.0007943-0.00091772i,0.00035362-0.00079597i,6.196e-05-0.0011558i,-0.00012832-0.0012623i,-3.2037e-05-0.0004933i,0.00022724+0.00038931i,0.0009597+0.00066544i,0.00087974+0.00064065i,-0.00091548+5.9496e-05i,-0.0017685-0.00030693i,-0.00075827+6.7492e-05i,8.1576e-05+0.00014604i,0.00022339+0.00052742i,-0.00010267+0.00063754i,-0.00047342-0.00022323i,-0.0005318-0.00069263i,0.00026272-0.00027201i,0.00061487-1.1119e-05i,0.00041616-0.00016359i,0.00054974-0.00036873i
0.00012668+0.0026885i,-0.00094564+0.0025521i,0.00068114+0.0011463i,0.0019794+0.00032818i,0.0024359+0.00013532i,0.0017683-7.1138e-05i,0.00074036-0.00062054i,0.00027687-0.00063427i,0.00038969-0.00035855i,0.00060072-0.00056703i,-0.00018478-0.00054778i,-0.00085222-0.00075741i,-0.00069656-0.00092226i,-0.0005793-0.00070796i,-0.00055397-0.00057626i,-1.112e-05-0.00015472i,0.00079861+0.0010102i,0.00030978+0.0014711i,-0.0005644+0.00063801i,-0.00091492+0.00028447i,-0.00038998+0.00024532i,0.00043643+0.00010169i,0.00045988-0.00029439i
6.8513e-05-0.00083542i,-0.00026216+0.0004849i,0.00016767+0.0013002i,0.0010493-0.00028319i,0.001238-0.0020619i,0.00068002-0.0034409i,-0.00023935-0.0037633i,-0.0011137-0.0025618i,-0.00074892-0.00086473i,-0.00039294-0.00030859i,-0.00033035-0.00020931i,0.0001473+0.00049625i,0.00021952+0.00078297i,0.00011059+0.0006829i,5.8286e-06+0.00078864i,-7.2422e-05+0.00060234i,6.1586e-05+0.0010411i,1.1197e-05+0.00052659i,0.00022033-0.00052335i,0.0002121-7.6657e-05i,-0.00023096+0.00035701i,-0.00026783-0.0001031i,-0.00024226-0.00051728i
0.0021344+0.0012641i,0.00034659+0.00086585i,0.00020465+0.0011066i,-0.00040257+0.00044094i,-0.0010088-0.0014187i,-0.0014543-0.002644i,-0.0014824-0.0022867i,-0.0010076-0.0013628i,-0.0010006-0.00070448i,-0.0012816-0.00052319i,-0.00027786-0.00020188i,0.00032708+0.00044826i,1.0744e-05+0.00014097i,-9.1824e-06-0.00038881i,-0.00036789-0.00046329i,-0.000611-0.00028735i,-7.6159e-05-8.9351e-05i,0.00087592+1.7554e-05i,0.0013737+8.5409e-05i,0.00039961-6.8834e-05i,-0.00014621-0.00010774i,0.00010489-8.4702e-05i,0.00025436-0.0006884i
-0.0018637+0.0012051i,-0.00068337-0.00019389i,0.00091538-0.00064279i,0.0012764-0.00076726i,0.0010491-0.0008421i,0.0010658-0.00016971i,0.00067569-0.00045917i,-0.00021857-0.0012301i,-0.00086382-0.00068016i,-0.00035988+0.0004787i,-0.00024616+0.0012589i,-0.00033933+0.0011514i,0.00040854+0.00015768i,0.00035293+0.00053554i,5.9319e-05+0.0012573i,0.00033242+0.00051641i,0.00010465+0.00034225i,-0.00026567+0.00045885i,-6.1462e-05-0.00036008i,-0.00015223-0.00059488i,-0.00099755+9.2946e-05i,-0.0014022+8.6149e-06i,-0.00032551-0.00024161i
0.0005601-0.0021477i,-0.00019746-0.00058994i,-0.00061064-0.00027032i,-0.00074892-0.00074598i,0.00036782-0.0017779i,0.00092208-0.0027171i,0.00068876-0.0033003i,0.00011711-0.0029003i,0.00019988-0.0013726i,0.00065823+0.00015902i,0.00063171+0.00028752i,0.00041405-0.00022531i,0.00033947-0.00046347i,0.00081074-0.00022925i,0.00075988+0.00012787i,0.00011115-1.1637e-06i,-0.00023628-0.00044669i,-6.9756e-05-0.00065128i,0.00060155-0.00012349i,0.00043468-0.00036331i,0.00018516-0.00051584i,0.00053043+7.1948e-05i,0.00064799-0.00011905i
0.0026321+0.0015404i,0.0031559+0.00086757i,0.0018624+0.001033i,0.0010577+0.0010571i,0.00099671-0.00017181i,0.00037844-0.0019854i,-0.00069131-0.0025344i,-0.00096671-0.001369i,-0.00020538-0.00050583i,0.00059243-1.6808e-05i,0.00078927+0.00016704i,0.00080158-0.00048942i,0.00061075+8.899e-05i,4.9522e-05+0.00046557i,0.00036344-7.0314e-05i,0.00090626-0.00051955i,0.00082007+0.00032327i,0.0003742+0.001139i,2.5582e-05+4.7748e-06i,0.00071658-0.00089898i,0.0012733-0.00071995i,0.00060487+0.00045737i,0.00020226+0.0010351i
-0.0035406+0.00039557i,-0.0022515+0.00039902i,-3.6334e-05+0.0013891i,0.00087845+0.0013854i,0.00063859+0.00042792i,0.00067422-7.2319e-05i,0.00075735-0.0011548i,-0.00041587-0.0017286i,-0.00098542-0.0010983i,-6.6961e-06-0.0010478i,0.00044245-0.00094473i,-9.7342e-05-0.00026038i,7.3283e-05-0.00052872i,0.00031213-0.00033642i,-0.00022799+0.00034894i,-7.9461e-05+0.00027687i,0.00069814+0.00034186i,0.0009033+0.00088506i,0.00084712+0.0010698i,0.00072986+0.00056598i,-3.9702e-05-0.00011332i,-0.00091994+0.00017389i,-0.00066936+0.00044571i
0.0010883+0.0010424i,-1.1393e-05+0.0017582i,-9.4591e-05+0.0026556i,0.00077295+0.0020403i,0.0017552+0.00069896i,0.0023203-0.0021789i,0.001635-0.0035769i,0.00035346-0.001884i,-0.00061903-6.4368e-05i,-0.00041999+0.00086828i,0.0010664+0.0005878i,0.0018815-6.1267e-05i,0.0012618+2.0877e-05i,0.00023038+0.00037334i,0.00032533+0.00035129i,0.0010491+0.00046644i,0.001195+9.9992e-05i,0.0012063-0.00026175i,0.00088926+0.00034606i,0.00090193+0.00063338i,0.0011246-3.2377e-05i,0.0010048-0.00090603i,0.00086155-0.00044264i
0.0020231+0.0015012i,0.0026338+0.00047494i,0.00073652-0.00076496i,-0.00022689-0.0011412i,0.00062409-0.0014358i,0.00029444-0.0016815i,-0.00065743-0.0013399i,-0.00046301-0.00087423i,-0.0002886-0.00030714i,-0.00063694+0.00011734i,-0.00066431-0.00014436i,-0.00061159-0.00034248i,-0.00067143+4.4185e-05i,6.349e-06+0.00016352i,0.00058581-9.135e-05i,0.00057881+0.00043612i,0.00025576+0.00056207i,-0.0005686+0.00017041i,-0.00026075-0.00030874i,0.00084085-0.0011174i,0.00052579-0.0011334i,0.0003486-0.0001938i,0.00022674+0.00032951i
0.00054957-0.0045339i,-0.00019668-0.0032789i,0.00027442-0.00097547i,0.0008766-0.00047854i,0.00030182-0.00078662i,0.00057589-0.0013545i,0.0010629-0.0018078i,0.00082599-0.0015519i,0.00083605-0.0015931i,0.00052242-0.0011577i,0.00080588-0.000384i,0.0011731+0.00056104i,-0.00029607+0.0011368i,-0.0010379+0.00092988i,0.00039741+0.00088191i,0.0010226+0.00069313i,0.00037526+0.00038064i,0.00063241+0.00026183i,5.978e-05+0.00076922i,-0.00097923+0.00068482i,-0.00045502+6.9595e-05i,-0.00016739+0.00030018i,-0.00050588+0.00041957i
0.0017817+0.0029462i,0.001236+0.0017234i,0.0010177+0.00025235i,0.00201-0.00053321i,0.0018155-0.0017226i,0.00027565-0.0034858i,-0.00012921-0.0032325i,-0.00011671-0.0016932i,-1.6544e-05-0.0010457i,-2.2816e-05-0.00042496i,0.00023668+0.00010408i,0.0008811+0.00032616i,0.0010039+0.00085956i,0.00065024+0.00034615i,-0.00028657-0.00037275i,-0.00038012-0.00027278i,8.9266e-05-6.6082e-06i,0.00054802-3.6456e-05i,0.00025795-0.00016314i,-0.00043571-5.8287e-05i,-0.00032869-5.5717e-05i,0.00018352-0.00025331i,-2.7261e-06+0.00045056i
-0.00088133+0.0011097i,-0.00091532+0.0014404i,0.00035535+0.0011266i,-0.00023336+8.35e-05i,-0.00094491-0.0012168i,-0.00066398-0.00072368i,-1.5652e-05-0.00045811i,0.00062768-0.00090366i,9.5869e-05-0.00064016i,-0.00015929-0.00063159i,7.4221e-05-0.00044882i,-0.00030822-0.0001889i,-0.00063813-5.6978e-05i,-0.00057943+0.00046058i,-0.0013187+0.00037569i,-0.001219-3.363e-05i,-7.2173e-05+0.00015433i,0.0010079+0.00039473i,0.00084968+0.00086346i,5.0714e-05+0.0013237i,0.00058632+0.0012294i,0.00060362+0.00018274i,-0.00049887-0.00060582i
0.0019808-0.0012095i,0.0022011-0.00044384i,0.0012891+0.00016378i,0.0010909+0.00028552i,0.0013243-6.1181e-05i,0.0011085-0.0011624i,0.00018999-0.0014148i,-0.00069422-0.00096734i,-0.00080532+0.00029696i,-0.00037778+0.00065829i,2.8651e-05-0.00027051i,-0.00015755-0.0010053i,-0.00024744-0.00080282i,-0.00050941-0.0010466i,-0.00013306-0.0010846i,7.0764e-05-0.00050438i,-0.00029579+0.00019172i,0.00026389+0.00014162i,0.0013182+0.00026421i,0.00081079+0.00043416i,2.9742e-06+0.00021665i,9.4466e-05-0.00027612i,-0.00040953-0.00037005i
-0.00055074+0.00088805i,-0.0011586-2.7475e-05i,-0.00079672+0.0011533i,-0.00017357+0.00073011i,0.00033832-0.00062873i,0.00072274-0.00113i,0.0002221-0.00086701i,-0.00038271+5.3548e-05i,-0.0001376+0.00030324i,0.00088118-0.00032584i,0.0018081-0.00068709i,0.0006692-0.00032225i,-0.00052838-0.00021531i,-0.00057552-0.000141i,6.8257e-05+0.00037379i,0.00063458+0.0006942i,0.00061933+0.0004192i,9.0897e-05+0.00076613i,-0.00015074+0.00051305i,-0.00036993-0.00024498i,-0.00087441-0.00050216i,-0.0010071-0.0004147i,-0.00063403-0.00054774i
-0.0050067-0.00039129i,-0.0040278+6.0683e-05i,-0.0038822+0.0017428i,-0.0018287+0.0021507i,0.00058243+0.0016288i,0.00010712+0.00060682i,-0.0007022-0.00027441i,-0.00060529-0.00077062i,-0.0012227-0.00043315i,-0.00095508-0.00060646i,0.00015382-0.00066476i,0.00063443+4.8781e-05i,0.00065771+1.9638e-05i,-1.1673e-05+0.00060088i,-0.00066385+0.00079525i,-0.00045489+0.00029692i,-0.00048053-8.8033e-05i,-0.00067326-8.0481e-05i,-1.3709e-05-0.00034284i,0.00078406-0.00011603i,0.00059259+8.41e-05i,-7.7029e-05-0.00020188i,-0.00067485-4.2285e-05i
0.0029374-0.0011975i,0.0021803+0.00043035i,0.0019392+0.0015925i,0.0019895+0.00068451i,0.0024441-0.00045211i,0.0025214-0.00052847i,0.001564-0.0006329i,0.00077341-0.00076178i,0.00022611-0.0010648i,2.9052e-05-0.00066748i,8.0325e-05+0.00027104i,0.00016707-0.00028005i,0.0006533-0.00014856i,0.00044675+0.000732i,-2.3794e-05+0.0014485i,0.000688+0.0016599i,0.001017+0.00091152i,0.00070212+0.00040831i,0.00037446+0.00014298i,0.00031066-9.7751e-05i,0.00060776-7.1264e-05i,-0.00044896+0.00013071i,-0.0019584+0.00051221i
0.0010696+0.0023804i,0.00086447+0.00096508i,0.0014247-0.00040254i,0.0017528-0.0012854i,0.0007842-0.0019539i,-0.00031407-0.0022301i,-0.001192-0.0017496i,-0.00084916-0.00091727i,-0.00026928-0.00066894i,-0.00017621-0.00066988i,-0.00065533-0.00041399i,-0.00097145-6.9329e-05i,-0.00026902-0.00018161i,0.00055895-0.00060661i,0.0010758-0.00029171i,0.00093189+0.00012652i,0.00060749+0.00017804i,0.00063197-0.00040234i,0.00012049-0.00062927i,-0.00039581-0.00082972i,-0.0003951-0.00079784i,4.2313e-05-0.00048174i,-5.2232e-06-0.00048417i
-0.0042563-0.00059137i,-0.0032537+0.00065819i,-0.00024233+0.0021904i,0.0014883+0.0010685i,0.0012911-0.0011193i,0.0011122-0.0024195i,0.0006334-0.0027419i,0.00025579-0.0017871i,0.0004391-0.00030434i,0.00014548-0.00031693i,2.8356e-05-0.00067457i,0.00020343-0.00057176i,6.3506e-05-0.00050365i,-0.00013213-0.00014483i,-4.8956e-06+0.00017549i,0.00013651+9.7099e-05i,-0.00019131+0.00015613i,-0.00042758+0.00075496i,-0.00036811+0.0005592i,-0.00025946-9.7841e-05i,-2.8953e-05-0.00012859i,1.415e-05+0.00050028i,0.00028415+0.00082548i
0.00072419+0.00083928i,0.00022809+0.00034801i,0.00032757+0.00030849i,0.0017837-0.00051454i,0.002573-0.0012072i,0.0012184-0.0019789i,-0.00014779-0.0020779i,-0.00047463-0.00083322i,-0.00023833-0.00058369i,4.2069e-05-0.0010457i,0.00045333-0.0006299i,0.00072279-0.00069508i,0.00088556-0.00076213i,0.0010075-0.0010777i,0.00088471-0.0014426i,0.00029053-0.00073675i,0.00012945+0.00029863i,0.0001291+0.00025262i,0.00016308-0.0001813i,-0.00027992-0.0006164i,-0.00074253-0.00075277i,-0.00022343-0.0002552i,-2.9282e-05-0.00085576i
0.0011206+0.0018619i,0.0011908+0.0021649i,0.0016459+0.0021358i,0.00075048+0.0017042i,-0.00080747+0.0011219i,-0.0001645+0.00099441i,0.0009932+0.00010154i,0.0004839-0.00096435i,0.00028527-0.00054282i,0.00035844+0.00052035i,0.00054606+0.00023289i,0.00065168-0.00044679i,0.00068277-0.00048526i,0.00052717+0.00018845i,-0.00040963+0.00061106i,-0.00080896+0.00046227i,0.00014702+4.9259e-05i,0.0007473-0.00074381i,-8.7777e-06-0.00074007i,-0.00018286-0.00048211i,-2.9903e-05-0.00019664i,-0.00050171-0.0004079i,-0.00043208-0.00044654i
-0.0018636-0.00097143i,-0.0018145-0.00099949i,-0.0014068-0.00091624i,-0.0015648-0.00042724i,-0.00040583-0.00062985i,0.00082623-0.0017179i,-4.1341e-05-0.0017118i,-0.000852-0.0010929i,-9.0532e-05-0.00067806i,0.00020546-0.00099915i,-0.00010193-0.0013076i,-0.00032457-0.00077657i,-4.2307e-05-0.00015574i,0.00020259-0.00059267i,-0.00015267-0.0012975i,0.00010049-0.00044813i,0.0001124+0.00054639i,0.00030801+0.00050762i,0.0007857+0.00045925i,-5.6888e-05+0.0004082i,-0.00041796+0.00060912i,-6.322e-05+0.00016401i,-0.00018062-0.00065517i
2.41e-05-0.0028651i,-0.00030282-0.002416i,-0.0019192-0.00082187i,-0.0025427-5.5422e-05i,-0.0016134-0.00068812i,-0.00068262-0.0022949i,-0.00023254-0.0031042i,-0.00061773-0.0018846i,-0.0011927-0.0009539i,-0.00099374-0.00096682i,-0.00020183-8.2151e-05i,0.00030929+0.00029188i,0.00091629+1.728e-05i,0.00082394+7.9615e-06i,0.00073308+0.00013169i,0.000687+0.00040074i,0.00032973+0.00040453i,0.00085462-7.313e-05i,0.0012429+0.00016548i,0.00070736+0.00080587i,-6.32e-05+0.00063926i,-0.0002365+0.00017362i,-0.00050677-0.00044102i
0.00035871+0.0023517i,1.2261e-05+0.0016245i,0.00015428+0.0013436i,-0.00090335+0.00084429i,-0.0014919+0.00014704i,-0.00097836-0.0014907i,-0.00053687-0.0021404i,-0.00050134-0.0010016i,5.5823e-05-0.0005962i,0.00050931-0.00034083i,-0.00013213-0.00026954i,-0.0010497-0.0003493i,-0.0012658+5.4559e-05i,-0.00093289-0.00013589i,-0.00010202-0.00052012i,0.00022587-0.00043318i,-7.5515e-05+0.00020631i,-0.00022058+0.00030996i,-0.00016-0.0001642i,0.00037685-3.135e-05i,0.00052442+0.00036006i,0.00073391+0.00014983i,0.0008461+2.4101e-05i
-0.00064724-0.0046314i,0.00082576-0.0034189i,0.0016603-0.0014751i,0.0013666-0.00050828i,0.0012531-0.00142i,0.00088009-0.0022486i,0.00051918-0.0023727i,-0.00013944-0.001811i,-0.00054878-0.00079941i,-0.00029284-0.00014176i,-0.00020604-0.00027097i,-0.00017708-0.00050302i,-0.00010719+1.2429e-05i,-0.00033278+2.806e-05i,-0.0008248-0.00076636i,-0.00013285-0.00082754i,-4.1891e-06+0.00025152i,0.00030682+0.00070467i,0.00027136+0.00088506i,-0.00067637+0.00025093i,-0.00073695-0.00028233i,0.0001121+0.00032075i,0.00038012-1.8382e-05i
0.0030341+0.0021239i,0.0014721+0.002656i,0.00052962+0.0020902i,0.00063185+0.00062652i,0.00051847-0.001154i,-3.8811e-05-0.0012977i,0.00045466-0.00084867i,0.00040705-0.0013169i,-0.00059132-0.0011959i,-3.7154e-05-0.00047634i,-0.00033593-0.00013646i,-0.0012186+0.00034613i,-0.0011351+0.00046756i,-0.00083699-0.00048832i,-0.00035157-0.00032932i,0.00012404+0.00020337i,0.00036942-7.0286e-06i,0.00032166+0.00030171i,0.00024739-0.0006461i,0.00029895-0.0012274i,-0.00013265-0.00019296i,-0.00039203+0.00022125i,-0.0001867+6.6287e-05i
-9.9936e-05+0.00038756i,0.0013473-0.00023914i,0.0021504-0.0007659i,0.0015656-0.00017617i,0.00069899-0.00020184i,0.00015077-0.0011564i,-0.00075579-0.0016397i,-0.00071939-0.0011717i,-0.00056978-0.00060259i,-0.00041457+7.2318e-05i,-0.00030339-0.00039593i,-0.00022222-0.00088363i,0.00050918-0.00048274i,0.00057209-2.0423e-05i,-0.00046892-0.00017727i,-0.00037732-0.00041237i,0.00017682+1.849e-05i,0.00045679+0.00029143i,0.00042752-2.7115e-05i,0.00037763-0.00051326i,0.0001587-0.00072256i,0.00017341-0.00032108i,0.00037135-0.00059255i
-0.0021464-0.0027762i,-0.0039076-0.0018767i,-0.0040232-0.00074895i,-0.0025852+0.00036738i,-0.0011478+0.0010883i,0.00029439-0.00016507i,0.00087659-0.0021434i,0.00035047-0.0016852i,-0.0004262+0.00011358i,-0.00093477+0.00029829i,-0.00032838-0.00040429i,0.0009038-0.0001709i,0.00073135+0.00080958i,0.00029405+0.001069i,0.00034613+0.00098616i,0.00035674+0.00099117i,-0.00019678+0.0010448i,-0.00026528+0.00013739i,0.00049445-0.0010258i,0.00086189-0.0006944i,0.00065296-0.00032438i,0.00056369-0.0005099i,0.00088036-0.00017472i
0.00028887-0.002085i,-5.2379e-05-0.0019099i,-0.00095698-0.00083551i,-0.00098171+6.4928e-05i,3.6767e-05+0.00077399i,0.00053161+0.00040936i,0.00062922-0.0012853i,0.0003184-0.0018922i,2.988e-05-0.00084474i,-0.00043044-0.00015407i,-0.00095326-0.00033298i,-0.0009066-0.0005041i,-0.00065134-0.00043902i,-0.00056522-0.00054936i,-0.00024231-0.00060574i,-0.00025443-0.0001484i,-0.00013491+6.3779e-05i,0.00020276-0.00060268i,-0.00010383-0.00078767i,-0.00012731-0.00080375i,0.00047392-0.0003254i,-0.00046864+0.00075531i,-0.0013+0.0002356i
-1.5276e-05+0.0017185i,0.00059861+0.0027597i,0.00049615+0.0033597i,-0.00011523+0.001947i,-0.00017011-4.2361e-05i,0.00077664-0.0010488i,0.0010791-0.0015241i,0.0011204-0.001523i,0.00124-0.00095181i,0.00044802-0.00033617i,-4.5336e-05-0.00056286i,-0.00023488-0.001029i,-0.00038707-0.001543i,6.7429e-05-0.00088617i,0.00050025-8.192e-05i,0.00018698-0.00028915i,-0.00011654-4.2715e-05i,-0.00015447+0.00050276i,0.00012618+0.00073585i,0.00054493+0.00049286i,0.00047918-0.00022345i,6.2465e-05-0.00053071i,-0.00053573-6.0723e-05i
0.0015863-0.0027625i,0.0015581-0.0022737i,0.0018771-0.0023523i,0.0012317-0.0018429i,0.00063259-0.0012398i,0.00030523-0.0011449i,-2.2844e-05-0.0021418i,0.00024472-0.0017904i,-0.0001887-0.00039866i,-0.00061583-0.00018417i,-2.4409e-05-0.00019166i,-0.00010993+0.00022221i,0.00026826-0.00010181i,0.00049364-0.00015219i,0.00022125-9.5756e-05i,0.00042548-0.00062541i,0.00061728-0.00059859i,0.00045779-0.00016957i,-0.00016926+0.00051419i,-0.0001641+0.00069071i,0.00054274+0.00070433i,0.00083106+2.8062e-05i,-0.00044625-0.00038838i
0.0022818-0.0013313i,0.00093006-0.0022651i,-0.00068642-0.002688i,-0.0013239-0.001596i,-0.00086109-0.00093806i,-9.0701e-05-0.001936i,0.00038354-0.0025467i,0.00010148-0.0021942i,-0.00024817-0.0012183i,-0.00041598+0.0002899i,-0.00034832+0.00090028i,-3.3077e-05+0.00067124i,4.7701e-05+0.00091798i,-4.3433e-05+0.0010943i,-0.00022383+0.00013148i,0.00018836-0.00018488i,0.00089921-5.1633e-06i,0.0010981+0.00028591i,0.00012631+0.00062909i,-0.00045685-0.00012896i,-0.0003109-2.3789e-05i,-0.00058849+0.00087824i,-0.00052193+0.00011461i
-0.0020026-0.0022283i,-0.0021682-0.0018973i,-0.0014719-0.0011462i,-0.0013741+7.3566e-05i,-0.0015954+0.00071513i,-0.0014768-0.000276i,-0.00060454-0.0012847i,0.00022173-0.0012118i,-0.00012517-0.00074388i,-0.00030725+0.00023697i,0.00039148+0.00050941i,0.00050727-9.5093e-05i,0.0001469-0.0003963i,0.0001141+1.4871e-05i,-0.00027344-0.00041796i,7.1702e-05-0.00099194i,0.00089527-0.00052698i,0.0010823-0.00064183i,0.00080747-0.00025629i,0.0010383+0.00026805i,0.0011659-0.00058873i,0.0011035-0.00054264i,0.00076382-0.00036803i
0.0045341+0.0012502i,0.0040486+0.0014707i,0.002744+0.0019781i,0.0015369+0.0016979i,0.0010973+0.00031732i,0.001265-0.0011276i,0.001834-0.0016138i,0.0017402-0.00083767i,0.00051203-0.00025769i,1.6527e-05-0.00038447i,0.00082052-5.1114e-05i,0.0012428+0.00045718i,0.00049413+0.00020061i,-0.00033409-7.6141e-05i,-0.00010936-0.00042176i,0.00027284-0.00019361i,-0.00030183-1.8854e-06i,-0.00052978-0.00020545i,-0.00032046+0.00038873i,-5.2775e-05+0.00026206i,0.00032043+7.616e-06i,0.0004109+0.00020354i,0.00028261+0.00022305i
-0.0040836-0.0019454i,-0.0025749-0.0015451i,-0.001344-0.00040913i,-0.0015267-6.3412e-06i,-0.0017338-0.00079327i,-0.00090922-0.0014669i,8.8993e-05-0.0021967i,0.00012235-0.0014499i,-0.00047332+0.00018119i,-0.00089265+0.00060622i,-0.00071971+0.00054224i,-9.4266e-05+0.0007973i,0.00068114+0.00073983i,0.00060231-0.00019884i,0.0002333+7.1278e-05i,0.00051863+0.0010041i,0.0009055+0.00054209i,0.00066748+4.2807e-05i,-7.1768e-05-0.00030064i,-3.3605e-05-7.2087e-05i,0.00015989+0.00064016i,0.00016968+0.00091492i,0.00010273+0.00030538i
-0.0011948-0.0013237i,-0.00029826+0.0001558i,0.00066142+0.0012462i,0.0018751+0.0019781i,0.0016073+0.0015781i,0.0011078-9.5344e-05i,0.00073527-0.0011195i,0.00099705-0.0007076i,0.0012019+0.000531i,0.00010997+0.00093297i,-0.0001315+0.00086392i,0.00042528+0.00097264i,0.00010907+0.00039206i,-0.00056793-9.1761e-05i,-0.00055274-0.00030615i,-0.00032652-0.00028315i,-0.0002741-0.00014449i,0.00027752+0.00014503i,0.00051497+0.00042182i,0.00031024+4.7025e-05i,0.00044367-0.00025522i,0.00055619-0.00071327i,0.00040548-0.00096753i
-0.001735+2.5743e-05i,-0.0020413-3.793e-05i,-0.00059351+0.0005792i,0.00040279+0.0015664i,0.00089735+0.0010482i,0.0012056-0.00037096i,0.0006572-0.0017009i,-0.00033171-0.0017327i,-0.00065335-0.00080084i,-0.00062762-0.00028482i,-0.00072345-0.00038453i,-0.00083082-5.925e-05i,-0.00015709-0.00013658i,0.00031682-0.00045054i,0.00025368-4.7987e-05i,0.00027766+0.00070765i,0.00045732+0.0008913i,0.0001796+0.00070657i,-0.00043174+0.00086543i,-0.00082709+0.00097103i,-0.0010173+0.00011146i,-0.00018996-0.00043418i,0.00047002-1.3043e-05i
-0.0005756+0.0019088i,8.5417e-05+0.00090996i,-0.00016875+0.0017985i,0.0010015+0.0021989i,0.0017708+0.0014997i,0.00161-0.000532i,0.00089461-0.0018052i,7.3601e-05-0.0013259i,-6.4945e-05-0.00073039i,4.3209e-05-0.0010128i,-0.00075439-0.00057193i,-0.0013503-0.00034873i,-0.00046564-0.00050907i,7.6044e-05-0.00053111i,0.00016909-0.00047752i,0.00048765-0.00018603i,0.00046782-1.9933e-05i,0.0004242+5.8428e-05i,-9.7317e-05-0.00024052i,-0.00027403-0.00033463i,0.00016641-0.00030696i,0.00052177+0.00013678i,0.00017532+0.00085066i
0.00069662+0.00037252i,-0.00021689-0.00015787i,-0.00033831-0.00015023i,0.00031525+0.00021121i,0.00094218-0.00034021i,0.0011787-0.00109i,0.00061925-0.0019662i,-0.00043431-0.0021184i,-0.00075981-0.001325i,-0.00084528-0.00046867i,-0.00068315-0.00018559i,-0.00077214-0.00044493i,-0.00099775-0.00042504i,-0.00040857+0.00024643i,0.0003348+0.0012984i,0.0006153+0.00085211i,0.00045893+1.1232e-05i,0.0002646+0.00027098i,-6.6692e-06+0.00020176i,-0.00017386+4.3146e-05i,-0.00010276+0.00017596i,-7.5883e-05-4.387e-05i,-0.00014134-5.7846e-05i
0.0010732+0.0011482i,0.00050529+0.00066321i,-0.00039679-0.00041613i,-0.0014081-0.0006339i,-0.0018147-0.00017043i,-0.0013816+6.71e-05i,-6.8411e-05+0.00029286i,-7.7073e-05-0.00068656i,0.00015642-0.0012428i,0.00071652-0.0010303i,0.00040798-0.001028i,-0.00027657-0.0002513i,-0.00093797+0.00029408i,-0.0007881+0.00015683i,-0.0012044+0.00026705i,-0.00095242+0.00049317i,-0.0004488-9.8203e-05i,0.00027948-0.00019087i,0.00065282+4.9437e-05i,-0.00016666-0.00016585i,-0.00086168+0.00060955i,-0.00058294+0.0009901i,-7.4745e-05+0.0010558i
0.0016886+0.00057782i,0.0016689+4.3922e-05i,0.0017456+0.00068553i,0.0016035+0.00013054i,0.0016788-0.00085602i,0.0014685-0.0019514i,0.0015156-0.0026143i,0.0013695-0.0018613i,0.00067188-0.00052516i,0.00050612-0.00051717i,-6.2437e-05-0.001173i,-0.00018732-0.0010546i,0.00059156-0.00044977i,0.0015165-0.00015493i,0.0009529-0.0002477i,-0.00019324+0.00013507i,-0.00041852+0.00033177i,4.6622e-05-0.00027767i,0.00031484+5.9652e-05i,5.5711e-06+0.00052062i,-0.00037792-0.0002943i,-0.00046744-0.00056998i,-0.00014499+5.6007e-05i
-0.00033268+0.00015184i,-0.00023002-0.00054627i,-0.000727+0.00037585i,-0.0010876+0.00038649i,-0.0010357-0.00043967i,-0.00086036-0.0012216i,-0.00068807-0.0014713i,-0.0013772-0.0011627i,-0.0015487-0.00069013i,-0.00082523-0.0008288i,-0.00019469-0.0003449i,0.00038491+0.00036586i,0.00081816-0.0001297i,0.00068857-6.5687e-05i,0.00079459+0.00064149i,0.0010313+0.00076581i,0.00025171+9.746e-05i,-0.00069462-7.2879e-05i,-0.00030531+0.00053333i,0.00022873+0.00051195i,6.2804e-05+0.00039771i,0.0003895+4.8365e-05i,0.0006408-0.00029484i
0.0012353-0.0004883i,0.00045801+0.0011861i,-0.00017825+0.0016522i,-0.00059212+0.00054375i,0.00011791-0.00051173i,0.001166-0.0013409i,0.0016838-0.001953i,0.00071998-0.0021405i,-0.00025066-0.0013707i,-0.00012975-0.00031614i,-0.00042759+0.00037246i,-0.00088779+0.00065287i,-0.00030792+0.00069808i,0.00048064-0.00031031i,0.00021109-0.00070509i,-0.00056474-7.0731e-05i,-0.00040117+0.00043452i,0.00046993-0.00012609i,0.0013458+0.00021811i,0.0010272+0.00088667i,0.00019365-0.00017383i,0.00042785-0.00073053i,0.00072554-0.00018515i
-0.0013404+0.0011073i,-0.0014519+0.0011969i,-0.00102+0.00048453i,-0.00049339-0.00021944i,-0.00018389-0.0010408i,0.00021207-0.00095517i,5.9468e-05-0.000639i,-0.0006195-0.00035719i,-0.00043755-8.6577e-05i,0.00049515+0.0002064i,0.00022277+0.00012867i,-0.00063688-0.00046277i,-0.00032559-0.0012813i,0.00030023-0.00031368i,-0.00011245+0.00056823i,-0.0009718+0.0006594i,-0.00056374+0.00045213i,0.00056192-2.9743e-05i,0.00069155-0.00023364i,0.00025611-9.7377e-05i,-0.00046571+0.00016642i,-0.00099555-0.00025994i,-0.00048211-0.0013076i
-0.0010401-0.0017129i,0.00024731-0.0016435i,0.00075255-0.0012062i,0.0011681+0.000165i,0.0011031+0.00049345i,0.0008149-0.00074035i,0.00024771-0.0020806i,-0.0006581-0.0025231i,-0.00080818-0.00079687i,-0.00075238+0.00085837i,-0.00059456+0.0010769i,0.00018649+0.0011217i,0.0006067+0.00066739i,7.1853e-05-0.00024322i,-0.00017965+0.00011111i,-0.00034609+0.00039324i,-0.00022335-0.00017119i,0.0002604+0.00012389i,-1.7126e-05+0.00024969i,0.00017206-0.00051189i,0.00087377-0.00071142i,0.0012264-0.00010362i,0.0010642+0.00061396i
0.00040043-0.0008833i,-0.0015427-0.0016338i,-0.0025466-0.0022538i,-0.0013891-0.00071531i,-0.00050406+8.8415e-05i,-0.00029044-4.468e-05i,5.2455e-05-0.0013514i,0.00012878-0.0022058i,0.00030275-0.0014571i,0.00039802-0.00079267i,0.00026939-0.00016832i,0.00046954+0.00057101i,0.00030069+0.0012197i,-0.00055864+0.00072835i,-0.00047638-5.6562e-05i,0.00021608+0.00012668i,0.00026607+0.0012119i,4.328e-05+0.00083261i,4.2352e-05+0.00038192i,-0.00027785+0.00085927i,-0.0008925+0.0007954i,-0.00081788+0.00037968i,-0.00019084-9.8999e-05i
-0.0028233-0.0014507i,-0.0025+0.00026777i,-0.0014356+0.0012213i,0.00016562+0.0010341i,0.0012815+0.00052741i,0.0013008-0.00056389i,0.0010181-0.001571i,0.00082864-0.0016502i,0.00057525-0.0012636i,-3.0879e-05-0.00099421i,-0.00011883-0.00036528i,0.00021675+0.00054062i,-0.00021181+0.00083253i,-0.00057689+0.00084698i,-0.00036282+0.00064696i,0.00031078+0.00038154i,0.00066697+2.133e-05i,0.00028511-0.0001505i,6.024e-05-1.7365e-05i,0.00018222-0.00010115i,0.00016223+0.00022312i,0.00029699-1.2982e-06i,0.0004947+0.00010406i
0.0016796-0.0006506i,0.0020102+0.00062672i,0.0017578+0.0015951i,0.00053998+0.0012329i,-0.00052773+0.0011363i,-0.00030546+0.00011048i,6.1339e-05-0.0011838i,-0.00012678-0.0011205i,-0.00089434-0.00039808i,-0.001487-0.00057684i,-0.0011528+3.7954e-05i,-0.00065681+0.00074884i,-0.00049486+0.00069132i,6.8552e-05+0.00052001i,0.00047953-0.00046478i,0.00025393-0.00089918i,-0.00013522-0.00051659i,-0.00032853-0.00036045i,-0.00029295-0.00027633i,-0.00051297+0.00020498i,-0.00076237+0.000422i,-0.0001289+0.0004435i,8.1239e-05+0.00024852i
-0.00054997+0.0022812i,-0.00023342+0.0011112i,-0.00025947+0.00085068i,-0.00011113+0.0003408i,0.00082934-0.00033003i,0.0015936-0.0011131i,0.0015644-0.0013119i,0.00097522-0.0010592i,0.00023119-0.00087252i,0.0003865-0.00046021i,0.00036502-0.000138i,-0.00019282-0.0001257i,-0.00020754+0.00053315i,0.00037943+0.00068548i,0.00059303-0.00031238i,0.00025012-0.00029969i,-0.00038098+0.00013849i,-0.00064238-0.00054369i,-0.00045284-0.0013053i,-5.9664e-05-0.00069917i,0.00069825-0.00026954i,0.00063821+9.8768e-05i,0.00063221+0.00058428i
-0.0024404-0.00019569i,-0.0024451+0.00070326i,-0.00077134+0.0017139i,0.00054258+0.0012003i,0.00097856+9.717e-05i,0.00046652-0.0014008i,1.9663e-05-0.0026934i,-0.0001564-0.0022486i,-0.00066694-0.00099793i,-0.00025698-0.00023557i,0.00010594-0.00022673i,-0.00044625-0.00039473i,-0.00085683-0.00045648i,-0.00046818-6.2142e-05i,-0.00062108+7.0257e-05i,-0.00066141+0.00028286i,-2.6057e-05+0.00057684i,0.00024479+0.00021145i,0.00028229-0.00059897i,0.00028005-7.335e-05i,-0.00010919+0.00070333i,-0.00079634-0.00016227i,-0.00053606-0.00069401i
0.00091366-0.0023617i,0.00059884-0.0016693i,0.00042664-0.00049755i,-3.2552e-05-0.00074786i,-0.00016258-0.0014138i,0.000831-0.0019503i,0.00058387-0.0018301i,-0.00064646-0.001212i,-0.00076719-0.00052665i,-0.00033391-0.00012816i,7.2746e-05-0.00025361i,-0.00012293-0.00025742i,-0.00055083+0.00017114i,-0.0013587+0.00039119i,-0.0011838+0.00034475i,-5.3553e-05+0.00048778i,0.00061248+0.00038225i,-0.00055922+0.00060418i,-0.00091801+0.0011297i,-6.5337e-05+0.0011079i,0.00024529+0.00082346i,0.00025643+0.00062286i,0.00039039+0.00055112i
0.001213+0.0019416i,0.00075543+0.0020908i,-0.00030018+0.001391i,0.00014269+0.00093382i,0.00069747-0.00047627i,0.00078544-0.001556i,0.0012535-0.0015565i,0.0011368-0.0010681i,0.00068393-0.00060661i,3.877e-05-0.00011429i,6.186e-05-2.6081e-05i,0.00038452-4.768e-05i,0.00090204-0.00033203i,0.00077568-0.00010538i,-0.00028633+0.00033026i,-0.0004888+2.1329e-05i,0.00050195+0.00018757i,0.0011655+0.00078042i,0.00099566+0.00081565i,0.00087691+0.00072016i,0.00074631+0.0001946i,0.00016374-0.00051236i,0.0002058-0.00075938i
-0.0028443-0.00026489i,-0.0024862+0.00017756i,-0.00083963+0.00030854i,0.00023532+0.00062389i,0.00036888+0.00033933i,0.0005688-0.00040098i,0.00029243-0.0011835i,-4.4101e-05-0.00075592i,-7.0416e-05+0.00011852i,3.3544e-06+0.00028259i,0.00093559+0.00016238i,0.0014592+0.00043022i,0.0010565+0.0006905i,0.0010148+0.00065688i,0.00060702+0.00075671i,0.00024227+0.0014464i,-0.00011149+0.0015482i,-0.00020514+0.0010036i,-0.00023515+0.00090455i,-0.00011352-6.8662e-05i,-6.9446e-05-0.00046931i,-0.00017346+1.8496e-05i,-4.3074e-05-0.00011926i
0.00048151+0.00069237i,0.00062646+0.00029296i,0.0020875+0.0011137i,0.0030815+0.0004985i,0.0018284-0.0013953i,0.00056831-0.0028988i,0.0010053-0.0026956i,0.00064844-0.0015672i,-9.886e-06-0.00061511i,0.00040135-0.00051586i,0.00056304-0.0010769i,-0.00030724-0.0014515i,-0.00021233-0.0012376i,-3.7033e-05-0.00048227i,-0.00067069-0.00083786i,-0.00078008-0.00086308i,-0.00034451-3.2696e-05i,-3.5501e-05+0.00033889i,0.00025547-1.7871e-07i,8.1355e-05-0.00070439i,-0.00037941-0.00029715i,-0.00032042+0.00042853i,-0.00049655+6.6837e-05i
-0.00074176-0.00024215i,-0.00023482-0.00032674i,0.00024321-0.00068944i,0.00037875-0.00044556i,0.00051397-0.00031544i,0.00011965-0.00094661i,0.00023472-0.0014056i,-5.6641e-05-0.0012843i,-0.00050213-0.0013697i,0.00017817-0.0005201i,0.00055233+0.00015777i,0.00071097+9.3152e-05i,0.00032057-2.5092e-05i,-0.00010455-5.6229e-07i,-0.00028739-0.00010087i,-0.00054315+0.00018387i,-0.00036368+0.00047378i,-4.675e-05+0.00092252i,-0.00072146+0.0012247i,-0.00067316+0.00096712i,0.00048269+0.001061i,0.00079826+0.00068042i,-3.0844e-05+7.713e-05i
0.0003871-0.0038861i,-0.0018023-0.0029044i,-0.0029024-0.00067578i,-0.0015458+0.0011419i,-5.8711e-05+0.00064894i,0.00055294-0.00070424i,0.00074373-0.0010124i,0.00030329-0.00083711i,0.00010463-0.00061768i,0.0009512-0.00026303i,0.001062+0.00042171i,0.00050551-3.4613e-05i,0.00029778-0.00093572i,0.00063772-0.0011515i,0.001172-0.00085674i,0.00054075-0.00074402i,0.00013984-0.0004721i,0.00067449+0.00063806i,0.00090157+0.00063911i,0.0004041-0.00048963i,1.7617e-05-0.00076487i,-2.0907e-05-0.00011011i,0.0001691-0.00033772i
0.0015633+0.0019813i,0.0021905+0.0013432i,0.0020917+0.0013567i,0.00062299+0.00049509i,-0.00074048-0.00042638i,-0.00077516-0.0012115i,-0.00072862-0.001985i,-0.00042006-0.0019817i,-0.00019942-0.0013191i,-0.0003333-0.00044476i,-0.00019453-0.00023987i,-0.00022783-0.00041684i,-2.7029e-05+7.2005e-05i,0.00017461+0.000553i,-0.00028472+0.00052598i,-5.6798e-05+0.00027303i,-0.00022304+0.00016168i,-0.00087816-3.1781e-06i,-0.00099102+0.0001553i,-0.0011985-4.173e-05i,-0.00074211-0.00043767i,5.4607e-05-0.00060413i,-0.00030215-0.0011415i
-0.0031449-0.00062394i,-0.0038993+0.0014484i,-0.0031955+0.0024756i,-0.0011696+0.0018921i,-0.00012708+0.00044486i,0.00083615-0.0011554i,0.00066236-0.0015814i,-0.00035322-0.0012165i,-0.00029557-7.9866e-06i,0.000378+0.00077822i,0.0010767+0.00054778i,0.00052925+0.0005808i,-0.0001227-0.00017891i,-9.5033e-05-0.00039136i,0.00012427+3.6837e-05i,0.00039035-0.00012693i,8.3219e-06-8.0623e-05i,-0.00040948+0.00010635i,0.00014105-0.00017978i,0.00025682-0.00079902i,0.0003781-0.00033627i,0.00074432+0.00011194i,0.00030349-7.6542e-05i
0.00037834-0.00031822i,0.00025411-0.0016327i,-0.00048942-0.0027931i,-0.00058137-0.0018658i,8.3625e-05-0.00095254i,-0.00030988-0.0011567i,-0.00061244-0.0027478i,-0.00078951-0.0031713i,-0.00056315-0.001502i,-0.00040749+7.1699e-05i,-0.0010459+0.00059245i,-0.00063475+0.00027359i,0.00018875+2.2442e-05i,0.00017841+0.0002567i,-0.00015893-2.0028e-05i,-0.00021716+0.00027402i,0.00010226+0.00069207i,0.00033815+0.00027467i,0.00038747+0.00076383i,0.00058064+0.00086903i,0.00052704+0.00039305i,0.00080953-0.00098817i,0.00068901-0.0014933i
-0.0015113-0.00047818i,-0.0018609+0.0009783i,-0.0012734+0.0012775i,-0.0013124+0.00043705i,-0.0013269-0.00091457i,-0.00069669-0.0014659i,-0.0001531-0.0017435i,-0.00030598-0.0016607i,-0.0004271-0.00084677i,7.3032e-05+0.00087321i,0.00048226+0.001561i,0.0011718+0.00071774i,0.0011608-0.00015029i,-0.00011486-6.3327e-05i,-0.0003536-0.00023726i,0.00065792-0.00015712i,0.00011268+0.00024683i,-0.00040002+8.5627e-05i,6.2892e-05+4.6542e-05i,1.1925e-05-0.00014538i,-6.7165e-05-0.00033964i,7.4573e-05+4.9281e-05i,-4.5963e-05+0.00037112i
0.0025584+0.00039472i,0.0020485-0.00096514i,0.00099301-0.0010125i,0.00044049-0.00026775i,0.0012965-0.00070792i,0.0014931-0.0013079i,0.0008128-0.0015734i,0.00019238-0.0019818i,-0.00013205-0.00074846i,4.2445e-05+0.000211i,-3.2306e-06-0.00023715i,-0.00096253+0.0002906i,-0.0018879+0.00032988i,-0.0014469+0.00010369i,-0.00074584+0.00011097i,-0.00038508+0.00028654i,0.00025309+0.00053633i,0.0006707+0.00053934i,0.00093579+0.00081124i,0.00099369+0.00046423i,0.0003539-3.5348e-05i,0.00012828+0.00015824i,0.00017798+0.00041414i
-0.0020452-0.0024269i,-0.0016241-0.0011874i,-0.0011436-0.00043798i,-0.0010065-0.00061633i,-0.00090201-0.00050558i,0.00016472-0.00095152i,0.0011355-0.001993i,0.00023823-0.0024002i,-0.00072493-0.001422i,-0.0010513-8.5933e-05i,-0.0014152+0.00026671i,-0.0011123-0.00025249i,-0.00079382-0.00051127i,-0.00063921-2.0879e-05i,0.00020723+0.00042497i,0.00040297+0.00037545i,-0.00013396+0.00033142i,0.00033423+0.00077977i,0.0013052+0.00075911i,0.001083+0.00053874i,0.00066493+0.00042801i,0.00040979+0.00071811i,-0.0001541+0.0010239i
-9.3909e-05-0.0036474i,0.00031803-0.0033002i,-0.0010733-0.0024686i,-0.0013408-0.00048753i,0.0011339+0.00078064i,0.0032291-0.00057472i,0.0025875-0.0017394i,0.0009562-0.0014163i,0.00016373-0.00077084i,0.00052381-0.00030079i,0.0003952-0.00013595i,0.00021026-0.00037457i,0.00069591-0.00046746i,0.00045656+0.00028403i,0.00017616+0.0010171i,-0.00022827+0.00062079i,7.3927e-05+0.00040209i,0.00067802+0.00036819i,0.00062423+0.0003539i,0.00084963+0.00056466i,0.00091967-0.00019468i,0.00024561-0.0011402i,0.00042555-0.0014565i
-0.00081605+0.0014569i,-0.00072095+0.0030513i,-0.0006149+0.003217i,-0.0011957+0.0021078i,-0.00093898+0.00053705i,0.00021653-0.00068951i,0.0010798-0.0017192i,0.00055668-0.0013574i,-0.00048481-0.00059783i,-0.00026709+0.00029095i,0.0001417+0.00072783i,-0.00026044+0.00027859i,-0.00010887+0.00015086i,0.00023207+0.00053319i,5.6578e-06+0.00052221i,-0.00026108+0.00047429i,-0.00011179-0.00024147i,0.00066845-5.9929e-05i,0.00078519+0.00017209i,0.00012225-0.00082753i,0.00014934-0.00089161i,-3.0518e-05-0.00058741i,-0.00023482-0.00057263i
-0.00065634-0.0016055i,0.00080035-0.0019768i,0.0011494-0.00050771i,0.0015548+2.7953e-05i,0.0027212-0.00039002i,0.003036-0.00094202i,0.0017892-0.0013758i,0.00089635-0.0015027i,0.00048495-0.00086601i,0.00048734+7.9704e-05i,0.00095857+0.00016113i,0.00060276-0.00064859i,-2.4559e-05-0.00095496i,-4.0705e-05-0.00029959i,0.00039265-0.00037165i,-0.00062089-0.00068198i,-0.00051655-0.00077853i,0.00088055-0.00037852i,0.00053266+0.00097542i,-4.4047e-05+0.00097621i,0.00014504-0.00028138i,0.00037711-0.00066727i,-5.7175e-05-0.00032125i
0.0013147+0.0035914i,0.0012621+0.0040245i,0.00061732+0.0033524i,0.00049278+0.0014035i,0.00033958-0.0006958i,0.00011599-0.0015866i,-0.00035433-0.0013581i,-0.0013248-0.00080317i,-0.0016206-0.00067626i,-0.0002303-0.00041849i,0.001268-0.00042006i,0.00072252-0.00040947i,-0.00051832-0.00055048i,-0.00015853-0.00089346i,0.00089931-0.00061231i,0.00048049+8.3923e-05i,-0.00014299-0.00010657i,-0.00045953-0.00087317i,-0.00069723-0.00045063i,-0.00043792-2.7136e-07i,0.00038479-0.00045443i,0.00047064-0.0008847i,-8.8707e-05-0.0011286i
-0.0010936-0.0051045i,-0.0010989-0.0034014i,-0.0015811-0.0023909i,-0.0018412-0.00049289i,-0.0010822+0.001123i,0.00056643+0.00081209i,0.0016557-0.00057781i,0.0012608-0.0011633i,-7.6699e-05-0.00016796i,-0.00070339-0.00017908i,-0.00038409-0.00095913i,-0.00057576-1.7754e-06i,-0.0010031+0.00097236i,-0.0012166+0.00073596i,-0.00083975+0.0010199i,2.382e-05+0.0011416i,0.0009365+0.00060852i,0.00079069+0.00062031i,0.00049246+0.00083622i,-0.00012195+2.4836e-05i,-4.9074e-05-0.00071822i,0.00063183-0.00064938i,0.00028914-0.00035763i
0.00033709+0.0011571i,0.00097841+0.001452i,0.00077384+0.002063i,4.05e-05+0.0017627i,7.9957e-05+0.00061899i,0.00031164-0.0010115i,0.00067894-0.0016995i,0.00073565-0.0016944i,-0.00017118-0.0018998i,-0.00066052-0.0015168i,-0.00034661-0.00065553i,0.00014487-0.00032523i,0.00026059-2.874e-05i,-0.00013944+0.00038223i,0.00018189-0.00010499i,0.00067805+4.4955e-05i,0.00044034+0.00052632i,0.00090849+0.00041981i,0.00077359-0.00065384i,-0.00059391-0.0013744i,-0.00029872-0.0012313i,0.0001924-0.00075095i,3.2092e-05+6.113e-06i
-0.0024714-0.0021885i,-0.0034316-0.0031244i,-0.0027007-0.001927i,-0.0014978-0.00019779i,-0.00027354-2.1124e-05i,-0.00018225-0.00077077i,-0.00028323-0.0017054i,-0.00019918-0.0019566i,-0.00032725-0.0010985i,-3.4234e-05-0.00033422i,0.00044791+0.00046701i,0.00015453+0.00063552i,5.194e-05+0.00023506i,0.00017429+0.00056293i,-0.00026684+0.00047313i,-0.00028833+0.00030975i,-0.00019756-8.4649e-05i,-0.00034714-0.00040085i,0.00026543+0.00071387i,0.00048407+0.0014095i,7.006e-05+0.000844i,0.00020624+0.00035762i,0.00017975+0.00029366i
-0.00020783-0.00071163i,0.00059482+0.00060945i,0.0015942+0.0015701i,0.0021333+0.00073957i,0.0015446+0.00016665i,0.0011946-0.00024329i,0.001708-0.00093722i,0.0011422-0.00045055i,-0.00014034+0.00065294i,-0.0010635+0.00048586i,-0.00025279+5.2818e-05i,0.00063102+3.3502e-05i,0.00011481-0.00042003i,-0.00019543-0.00060237i,-0.0011825-0.00024128i,-0.00038676+0.00016971i,0.00048644+0.00037035i,0.0001475+0.00024182i,-6.8633e-05+0.00015016i,0.00025677-0.00088245i,0.00056208-0.0012059i,0.00045973-0.00019941i,-0.00020206+0.00051006i
-0.001377-0.00088675i,-0.0024442-0.0018994i,-0.0012843-0.00081565i,0.00016211-0.00010678i,-0.0008455-0.0010641i,-0.00088052-0.0016522i,-0.00010795-0.0015902i,-0.00038604-0.0016688i,-0.00045541-0.0013025i,0.00011656-0.00021645i,0.00054315-0.00020338i,0.00062085-0.00068272i,6.0515e-05-0.00063657i,-0.00047146-5.7548e-05i,-0.00027195-5.1188e-06i,0.00035327-0.00048541i,0.0010467-0.00054287i,0.0007695+0.0001943i,-2.3596e-05+0.00032438i,-0.00017602+0.00023963i,-0.00014841+0.00035164i,0.00016654-0.0003071i,0.00024577-0.0012264i
0.0011403+0.00072843i,0.0022266+0.0015508i,0.0019179+0.0017327i,0.0023974-6.9158e-06i,0.002383-0.00093434i,0.00092138-0.0014528i,0.0002953-0.0018745i,4.4421e-05-0.0012696i,-7.1023e-05+4.2429e-05i,0.00032188+0.00051788i,0.00019957+0.00026777i,0.00010654-0.0012683i,0.00014617-0.0019084i,4.155e-05-0.00072178i,0.00013972+0.0005712i,0.00013464+0.00079448i,7.629e-05-4.715e-05i,0.00025447-0.00036265i,0.0001693-2.929e-05i,0.00083689+0.00018503i,0.0012149-0.000366i,0.00096385-0.00049336i,0.00045221+0.00015075i
-2.902e-05-0.00042202i,-0.0024817-6.3453e-05i,-0.002089-0.00024692i,-0.0010667-0.0009784i,-0.00048719-0.001676i,0.00089184-0.0012661i,0.0015991-0.0014988i,0.0014318-0.0022478i,0.00098971-0.0015946i,0.00036435-0.00043044i,3.0625e-05-0.0005896i,0.00018223-0.00072406i,1.5388e-06-0.00024301i,-0.00055029-0.00030622i,-0.00081046-0.00033342i,-0.00019296+0.00052093i,0.00028283+0.0012138i,-0.00011489+0.00086714i,-0.00031743+0.00058096i,0.00029067+0.00068653i,0.0006748+0.00059523i,-0.00031364+0.00013077i,-0.0012155-0.00049051i
0.0027767+0.0014395i,0.0027306+0.00053134i,0.0034355+0.00041857i,0.0023719+0.00026797i,0.0008992-0.00072649i,0.00035762-0.0018468i,-0.00018576-0.0019977i,-0.00024094-0.00072108i,8.4023e-05+0.00058019i,5.6724e-05+0.00061328i,-0.00020242+0.00010024i,-0.00040145-0.000339i,-0.00060922-0.00031072i,-0.00070456+0.00041206i,-0.00014917+0.00053573i,0.00039432+0.0002736i,0.00065082+9.3732e-05i,0.0007849+6.7912e-05i,0.00038074-0.00026336i,0.000189-0.00049592i,0.00025396+0.00028774i,-0.00020151+0.00065348i,0.00018189+0.00048805i
-0.0036843-0.0029582i,-0.0034319-0.0027113i,-0.0022269-0.0011449i,-0.00070145-8.0533e-05i,2.6753e-05-6.8757e-05i,-8.9478e-05-0.0014511i,0.00079243-0.0019963i,0.0013627-0.00077386i,0.00021823+0.00032687i,-0.00046487+0.00050695i,-0.00060624+0.00011295i,-0.00028844-0.0001244i,0.00013543+0.00011759i,0.00029128+0.00032935i,0.0011222+8.661e-05i,0.0014711-0.00010781i,0.0010327-0.00010644i,0.00094301-0.00013672i,0.0010329+0.00012298i,0.00057325-0.00038099i,0.00063541-0.00055969i,0.00050433+4.5333e-05i,0.00023005-0.00068749i
0.0035292-0.0018713i,0.0022679-0.0017706i,0.00080664-0.00045364i,-4.506e-05+0.0010705i,0.00028744+0.00089547i,0.00040949+0.00011013i,0.00032922-0.0011534i,-0.00013401-0.0011808i,-0.00063815-0.00058656i,-0.0010999-0.0007182i,-0.00088915-0.00021841i,0.00026768-0.00017939i,0.00090374+0.000216i,0.0010788+0.00065633i,0.00078767+0.00051847i,0.00012893-0.00013412i,-0.00028449-0.00021219i,8.6814e-05+0.00056474i,0.00072887+0.00016091i,0.0006232-0.00047042i,5.4389e-05-0.00010284i,-0.00010866-5.2071e-05i,-0.00012936-0.0003831i
-0.0029627+0.0018123i,-0.0031005+0.0029193i,-0.0022097+0.0023108i,-4.868e-05+0.0016301i,0.0014334+0.00061465i,0.0018365-0.00066456i,0.0015369-0.0012054i,0.00046528-0.0016299i,0.00030178-0.00077917i,0.00033736-0.00025477i,0.00022655-0.00082276i,-6.4852e-05-0.00065763i,-0.00014095-0.00030747i,1.9371e-05-8.486e-05i,0.00011216+0.00020298i,0.00024174+0.00031392i,-0.00011846+0.00017311i,2.1963e-05-0.00030573i,0.00062653-0.00041873i,0.00050972-0.00043534i,0.00080788-4.8795e-05i,0.00090697+0.00060206i,0.00017073+0.00043758i
0.00034515-0.0052426i,-0.00038377-0.004119i,-0.00079153-0.00099662i,-0.00070347+0.00072505i,9.8351e-05+0.00026155i,-0.00050438-0.0013325i,-0.0010382-0.0024324i,-0.00037195-0.0016819i,-0.00027177-0.00037992i,-0.00039242-0.00031749i,-0.00030718-0.00029246i,-0.00055128+7.7425e-05i,-0.00089957-0.0001414i,-0.0012821-0.00041857i,-0.0011594+1.2503e-05i,-0.00059618+0.00054599i,-0.00016945+0.00064825i,-0.00047786+0.00024922i,-0.00063046-4.3867e-05i,-0.00060882+0.00023358i,-0.00076678+0.00070184i,-0.0008507+0.0013462i,-8.8586e-05+0.00089897i
0.001426+0.00208i,-6.7939e-06+0.00099462i,-0.0017218-0.00090578i,-0.0013792-0.00094174i,0.00081632-0.00061864i,0.00262-0.00114i,0.0028226-0.0011211i,0.001305+0.00021212i,-0.00079723+5.4522e-05i,-0.0010732-0.0008345i,-0.0004974-0.00042688i,-0.00037413+0.00043345i,-0.00070228+0.00059711i,-0.00061691+0.00017732i,-0.00075437+2.8297e-06i,-0.00086186-0.00013546i,-0.00044154-0.0005586i,0.00055571-0.00016933i,0.001168+0.00046609i,0.00071041+0.0001672i,0.00019276+7.7972e-05i,-3.3104e-05+0.00046587i,-0.00021737-0.00030396i
-0.00044261-0.0032951i,0.00010612-0.0024629i,0.00044154-0.0011801i,-0.00074371-0.0013483i,-0.0017347-0.0015744i,-0.00023112-0.0017069i,0.0010189-0.0014328i,0.00092419-0.0008281i,0.0005728-0.0013364i,9.646e-05-0.0016628i,-0.00045935-0.00051234i,-0.00072433-0.0001575i,-0.00063246-0.00031302i,-0.0010559-3.6502e-05i,-0.00027938-0.0002521i,0.00028985-0.00033955i,0.00039092+0.00029063i,0.00045658+0.00074813i,0.00040647+0.00084373i,0.00013786+0.00034838i,-0.00010361-0.00030801i,0.00032655-0.00012878i,0.00059555+0.00047243i
0.0038416+0.0012459i,0.0031717+0.0016585i,0.0020499+0.00073594i,0.002125-2.593e-05i,0.0019702-0.00046164i,0.0014094-0.00081738i,0.0015722-0.00086583i,0.00081209-0.00027585i,0.00010852+0.00026448i,3.025e-05+0.00061773i,-0.00011753+0.00073102i,-0.00014121-0.00022718i,-3.0113e-05-0.00015195i,0.00034773+0.00026286i,0.0010159-0.00017241i,0.0015842-3.7538e-05i,0.00056178+0.0010149i,0.00013775+0.0006964i,0.00051651+7.7127e-05i,-0.00014729+0.00027003i,-0.00056794+5.4353e-05i,-0.00049493-0.00063916i,-0.00031506-0.00068282i
0.00021894-0.00035671i,0.00019655-0.0014685i,-0.00055584-0.0018179i,-0.00057903-0.0017677i,0.00085626-0.0019597i,0.0016805-0.0021494i,0.0014921-0.0016911i,0.00071842-0.00048061i,0.00091061-2.8742e-05i,0.00063317-0.00025786i,-0.00075166-0.00029327i,-0.00074952+0.00016251i,-0.00046141-0.00058396i,-0.001024-0.0015642i,-0.0011541-0.0011519i,-0.00014717+6.5589e-05i,0.00086101-0.00019562i,0.0011378-0.00040721i,0.00017595-5.1369e-05i,-0.00022789+0.00020605i,0.00028561-0.00029095i,0.00067502-0.00076164i,0.00020469-8.8879e-05i
0.00082485+0.0035738i,0.00046005+0.0038268i,0.00069857+0.0030121i,0.0011603+0.001336i,0.001897+0.00025729i,0.0012312-0.00071858i,0.00033005-0.0013746i,-0.00034868-0.00076666i,-0.00053484-0.00029091i,-0.00016748-0.00089186i,0.0003984-0.0016617i,0.0013471-0.0020292i,0.00078376-0.0012522i,0.00053678-0.00050725i,0.0011921+0.0002133i,0.00091827+0.00064207i,0.0003656+1.2854e-05i,0.0001996-0.00039002i,-0.00013846-3.677e-05i,-0.00021111-0.00048687i,0.00029645-4.6144e-05i,-5.668e-05+0.00055405i,-0.00012287-0.0005571i
-0.00086517-0.00033623i,-0.0016366+0.00068666i,-0.0024373+0.0012858i,-0.0016859+0.00091344i,-0.00046709+5.6304e-05i,-0.00013127-0.00061283i,0.00036643-0.00037007i,0.00073218+0.00019176i,0.00043901+0.00030028i,0.00013335+0.00034094i,0.00011355-0.00024409i,0.00059382-0.00036966i,0.00055502-0.00013545i,0.00024808-0.00033345i,0.000605-0.00052276i,0.00068093-0.0002497i,5.4683e-05-0.00041125i,-0.00011245-0.00060632i,0.00019296-0.00046108i,0.00015394-0.00043873i,-0.00022412+0.00018256i,-0.0002747+0.00042798i,-7.3718e-05-5.8149e-05i
0.0012427-0.00063411i,0.0014428-0.00096416i,0.00086237-0.00048085i,-0.00077087+0.00020739i,-0.00061434+0.00041998i,0.00029677-0.00034203i,-7.441e-05-0.0013531i,-0.0002915-0.0017644i,2.1867e-05-0.0012083i,-0.0001112-0.00052986i,0.00042224-0.00057579i,0.0008586-0.00058861i,-2.4578e-05-0.00036044i,-0.00012099-0.00051968i,-0.00015133-0.0003396i,-0.0010327-0.00036643i,-0.00082455-0.00039176i,-9.3962e-05-0.000114i,-0.00064374+0.00022637i,-0.00037392+0.00016237i,0.0003548-0.00053718i,-0.00015932-0.00057562i,-0.00041205-0.00054203i
-0.0013859-0.0021844i,-0.0010632-0.0016474i,-0.0010715-0.0010058i,-0.0010069-0.00020081i,-0.00052371+0.0001261i,0.00012833+2.63e-05i,-0.00029779-0.00072688i,-0.00044399-0.00055802i,0.00012859+0.00021266i,-0.00024933+0.00040102i,-0.00074075+0.00037464i,-0.00024277+9.7424e-05i,-0.00020601+0.00028026i,-0.00031968+0.0001136i,0.0001361+6.3854e-05i,0.00025704+0.00040388i,0.0004691+0.00035672i,0.00025873+0.00043408i,-0.00081712+0.00031569i,-0.00030867-5.2057e-05i,0.001036+5.3239e-05i,0.00066612+0.00033512i,-0.00017901+0.00019848i
-0.00050432-0.0012548i,-0.0014162-0.00048281i,-0.0010081+0.0015261i,-0.0011697+0.0017313i,-0.00095159+0.00030575i,-2.1325e-05-0.00084629i,0.0003226-0.0017627i,0.00013817-0.0014788i,-0.00013294-0.00049487i,-0.00024498-7.1065e-05i,0.000116-0.0003029i,-0.00010334-0.00035173i,-0.00012799-0.00062066i,0.00030426-0.00066604i,0.00043308+0.00034001i,0.00034127+0.00057684i,0.00015059+0.00017615i,9.2649e-05-0.00079659i,-3.5215e-05-0.00083219i,-0.0001978-0.00036735i,6.4708e-05-1.8718e-05i,-1.2966e-05+0.00051595i,-0.00021294+0.00054094i
0.00017439-4.3285e-05i,0.00011009-0.00062239i,0.00040688-0.00088335i,0.00074242-5.1589e-05i,0.00040387+0.0001853i,0.00098785-0.00070204i,0.0012731-0.001986i,0.00054223-0.0021749i,-0.00017849-0.00055841i,-9.9902e-05+0.00022213i,0.00059153-6.3307e-05i,0.00054828-0.00013736i,-0.00049303+0.00015457i,-0.00014818+0.00032308i,0.0005375+0.00062841i,0.0002968+0.0012475i,1.9345e-05+0.0012916i,-0.00013344+0.00057194i,0.00053767+0.00058077i,0.0011435+0.0006894i,0.00024581+0.00034815i,-0.00064584-0.00019388i,-0.00061106-0.00045032i
0.00033452-0.00094649i,4.0588e-05-0.0012211i,0.00045513-0.00099505i,-0.0002538-0.0008206i,-0.00037163-0.00082756i,0.00030266-0.0007962i,0.00049759-0.0017997i,0.00042991-0.0017478i,0.00039439-0.0016315i,0.00024022-0.0019972i,0.00038601-0.0016021i,0.00016082-0.0004938i,-3.3196e-05+0.00019908i,0.00025436-0.00018031i,0.0005032-0.00041213i,0.00032378-0.00012602i,-3.3945e-05-0.00028262i,3.3346e-05-0.00088258i,0.00033304-5.6732e-05i,0.00031173+0.0010876i,0.0002296+0.001009i,4.9365e-05+0.00056967i,0.00022351-0.00039682i
0.00065483+0.001934i,-0.00015425+0.0019112i,-0.00094088+0.0018715i,-0.0011256+0.0013768i,-0.00083187-0.00020064i,0.00082655-0.0017402i,0.0015107-0.0016715i,0.00031533-0.0010031i,-0.00074898+8.2498e-06i,-0.00029976+0.00054563i,0.00048976+0.00038427i,3.0903e-05-0.0003706i,-0.00054497-0.00024862i,-0.00076344+0.00017284i,-0.00016753-0.00047684i,2.9613e-05-0.00070539i,-0.00094517-0.00019375i,-0.00045352+0.00012849i,0.00055393-9.7591e-05i,0.00050333-0.00055327i,-0.00027593-0.00052941i,-0.00036852-0.00039996i,-0.00017612-0.00086098i
0.0013374+0.00072132i,0.00060485-0.0003597i,0.00091844-0.0016889i,0.0011126-0.0017579i,0.00040287-0.001543i,0.00028216-0.0019003i,0.00088726-0.0021745i,0.00088279-0.0015836i,-0.00029077-0.00092715i,-0.00059585-0.0011087i,-0.00028645-0.0010397i,-0.00070274-0.00046526i,-0.00078435-0.00056873i,5.1482e-05-0.00056268i,0.00077749-0.00019351i,0.00076788-0.00021604i,7.9243e-05-0.00030822i,-0.00045478-0.00054352i,-0.00072992-0.00044276i,-4.1217e-05+6.4486e-05i,0.00029867+0.00030175i,-0.00079574+0.00038545i,-0.00074925+0.00070562i
0.0018141+0.0017889i,0.0017679+0.0010619i,0.0019599+0.00085382i,0.0022699+0.00029452i,0.0026447-0.00018059i,0.0024784-0.00077678i,0.0020606-0.0012782i,0.00088444-0.001009i,-0.0004444-0.0010308i,-0.00065952-0.0016377i,-0.00023191-0.0013939i,1.0756e-05-0.00057543i,-0.00015585-0.00029213i,-4.1249e-05-0.00062364i,-5.8928e-05-0.00029843i,-0.00048781+7.2199e-05i,-0.00028837+0.00045535i,0.00055095+0.0011267i,0.00066125+0.00079041i,0.00035221+0.00013516i,0.00060905+3.775e-05i,0.00034943-0.00026027i,0.00025669-0.00077287i
-0.00010002+0.00011144i,-0.00061156-0.00091856i,-0.00019818-0.00088006i,0.00046896-0.00045335i,0.0013066-0.0012541i,0.001079-0.0023385i,0.00062434-0.0020571i,0.00014251-0.0012734i,-0.00029421-0.00052506i,-0.00014283+0.00026615i,-2.9328e-05-0.00019911i,-0.00032239-0.00010355i,-0.0010871+0.00053424i,-0.0010355-0.00013753i,-0.00028221-0.00027192i,0.00037681+0.00011887i,0.00042155+5.5707e-06i,0.00013473+0.00030167i,0.00012277+0.00023731i,0.00034956+0.00042812i,0.00075127+0.00081063i,0.0002011+0.0010251i,-0.00072076-2.2722e-05i
-0.00097923+0.00032629i,-0.00080994+5.8768e-05i,-0.00039121+0.00037293i,-0.00070148+0.0001723i,-0.00054278-0.00074014i,-6.6755e-05-0.0010304i,-0.00020249-0.00049611i,-0.00019849-0.00020425i,-0.0002529-0.00020474i,8.7213e-05-0.00064103i,-0.00026896-0.00054061i,-0.00065008-0.00041086i,-0.00056049-0.00060494i,-0.00040073-0.00026511i,-0.00063576+4.6394e-06i,0.00010463-0.00018144i,0.00038593-0.00033553i,-0.00036881-3.2827e-05i,-0.00052946+6.9162e-05i,-0.00058684-0.00022136i,-0.00034282+0.00011928i,0.00021131+0.00074073i,0.00012015+0.00051447i
0.00064926-0.0007972i,0.00031411-0.00088894i,6.7907e-05-0.00086478i,-0.00019341+0.00035769i,4.5363e-05+0.00048882i,0.00097444-0.00082771i,0.0013609-0.0018302i,0.00034738-0.0016906i,-0.00042488-0.0007347i,-0.00041841+0.00023302i,0.00039928+0.0010287i,0.00073206+0.0014555i,0.0001608+0.001478i,8.6711e-05+0.00071541i,0.00040428+0.00015415i,5.6571e-05+0.00041332i,-0.00048481+0.0010054i,-0.00030286+0.00067643i,0.00040443+0.00023254i,0.00049197+0.00033891i,0.00028199+0.00047619i,0.00030294+0.00064221i,0.00021953+0.00041521i
0.0005345-0.0029366i,-0.00033591-0.0026618i,-0.0023565-0.0020381i,-0.0036083+0.00011849i,-0.0034952+0.00073439i,-0.0023056-0.00061156i,0.00011594-0.0014557i,0.0006289-0.0018694i,-0.00054122-0.0018093i,-0.00087708-0.00095212i,-0.0010265+0.00057526i,-0.00088082+0.0012615i,-0.00048468+0.0008667i,-0.00052055+0.00043641i,-0.00095091+0.00039337i,-0.00054584+0.00015412i,0.00026036-0.00014984i,0.00015823+0.00064094i,-0.00041575+0.0010632i,-0.00026518+0.0004988i,0.00028588+0.0001043i,0.00027655+0.00016896i,-0.00012197+0.00055451i
-0.0014119+0.00095592i,-0.0010945+0.00063634i,-0.00038829+0.00018408i,-5.9688e-05+0.00048146i,0.00020744+0.00045472i,0.00021784-0.00077126i,-0.00022595-0.001703i,-0.00055167-0.00065767i,-4.8223e-05+0.00027349i,0.00066385-0.0005323i,0.0001411-0.00090796i,-0.00011074-0.00049629i,0.0006297-0.00065705i,0.0008038-0.00055911i,0.00043771+1.1251e-05i,0.00038885-0.00057976i,0.00025346-0.0010312i,-0.00034253-0.00039621i,-0.00036372+0.00066651i,-0.00040552+0.0005461i,-0.00022418-0.00058254i,7.4405e-05-0.00023892i,-9.8849e-05+0.00030293i
0.0013173-0.0019171i,0.0010553-0.0016227i,0.00056508-0.00067134i,-0.00064387+0.00030631i,-0.00083189+0.00015688i,0.00034047-0.00034599i,0.00065089-0.0006885i,0.00048523-0.0013217i,0.00041902-0.0013213i,3.9728e-05-0.0008894i,-0.00016413-0.0007527i,-0.0005927-0.00025991i,-0.001101-0.00017666i,-0.00099927-0.00012839i,-0.00055584-0.00027485i,-0.00011038+0.00025027i,-0.00026738+0.00053837i,-0.00071063+0.00072576i,-0.00096611+0.0013878i,-0.00040218+0.00087627i,0.0001616+0.00081152i,-8.1519e-05+0.00078366i,-0.00018792+0.00033841i
0.0012304+0.00016067i,0.0012236-0.00069082i,0.0013164-0.001751i,0.0007937-0.0010542i,-0.00010369-0.00040121i,1.8822e-05-0.00010004i,0.00051713-0.00085438i,0.00032056-0.0017531i,0.00024819-0.0013164i,-0.00025306-0.00031978i,-0.00063755+0.00072575i,-0.00055814+0.0012664i,-0.00020451+0.00091125i,-1.3359e-05+0.00039603i,0.00015972-0.00011075i,0.00080616-0.00034631i,0.0006192-0.00013624i,0.00028133-7.5019e-05i,0.00078338+9.5476e-05i,0.00092374+0.00076406i,-3.1577e-05+0.00034848i,-0.00062094-0.00034653i,-5.2833e-05-0.00019485i
0.0010635-0.0014534i,0.0015264-0.0009586i,0.0014001+0.00014829i,0.00076653+0.00012794i,0.00052712-0.00072897i,0.00096846-0.0013346i,0.00097023-0.0015803i,9.5416e-05-0.0013927i,-0.00073031-0.00076072i,-0.00033711-0.00042725i,0.00035697-0.00068796i,0.00086346-0.00010998i,0.00077628+0.00017108i,0.00025799-0.00021322i,-7.4087e-05+0.00018877i,-3.8075e-05+0.00019087i,-0.00016602+0.00012224i,-0.000225+0.00016083i,-0.00011935+2.1819e-05i,0.00056326-0.00013584i,0.0012806-0.00016485i,0.00060286-0.00014573i,-9.5768e-05+0.0003781i
0.00024543+0.0019498i,0.00048507+0.0010714i,0.00098615+0.00078678i,0.0014+0.00076587i,0.0020613+0.00050916i,0.0022495-0.00022329i,0.0012651-0.0012764i,8.3653e-05-0.0014052i,3.2256e-05-0.0014356i,0.00023745-0.0014089i,0.00064657+0.00013806i,0.00068046+0.00070199i,4.0593e-05+0.00046574i,-0.00079261+9.1541e-05i,-0.00092731-0.00034716i,-0.00019101-6.0829e-05i,0.00014619+0.00016825i,0.00045694+3.4261e-05i,2.9035e-05-0.00032742i,-0.00059011-0.00011226i,-0.00026296+0.00040673i,8.822e-05+0.0010099i,0.00026668+0.001127i
-0.00047891-0.00089047i,-0.00089686-0.00093147i,0.00064503-0.00086217i,0.0011185-0.0014045i,0.00075953-0.0020267i,0.00035631-0.0017999i,0.00038166-0.0016442i,0.00011191-0.001605i,0.00020385-0.00076454i,0.00079379-2.1675e-05i,-2.6783e-05-0.0001768i,-0.00071954-0.00066518i,-0.00036069-0.00032615i,-0.00046608-0.00043968i,-0.00024608-0.00050491i,0.00047146+0.00032893i,0.00093634+0.00031823i,0.00057953-7.5504e-05i,0.00014562-7.7435e-06i,0.0003169+4.9262e-05i,0.00021438-2.7108e-05i,-0.00037043+0.00046172i,-0.00066219+0.00066505i
0.00048805-0.00032314i,-0.00056651+0.0002929i,-0.0013776+0.00048487i,-0.00039622+0.00023417i,0.00079509-6.8366e-07i,0.00072185-0.00057195i,0.00034042-0.0017077i,0.00025639-0.0018017i,0.00050982-0.00095801i,0.00053711-0.00042537i,-7.111e-05-0.00042057i,-0.00021349-0.00062969i,0.00069049-0.00051302i,0.0012163-0.0005647i,0.00048816-0.00012407i,-0.00042447+0.0011728i,-0.00059234+0.0015229i,-0.00039972+0.0015029i,0.00042582+0.0012567i,0.00099847+0.00016663i,0.00056317-8.5218e-05i,0.00012486+0.00055113i,0.00017894+0.0010782i
-0.0020627-0.0018218i,-0.0014559-0.0014864i,-0.00085959-7.7077e-05i,-0.00022535+0.001315i,0.0010067+0.0020976i,0.0019283+0.00091321i,0.0018398-0.00084886i,0.0011272-0.0013203i,0.00017808-0.0011686i,-0.00049172-0.00037976i,-0.00090733-0.00011346i,-0.0001974-0.0002177i,0.00038977+0.00037261i,-0.00061428+0.00082672i,-0.0015333+0.00096336i,-0.0012588+0.00050932i,-0.00070418+0.00038243i,-0.0007777+0.0007222i,-0.00073045+0.00048692i,-0.00042594+0.00026503i,-0.00043604+0.00024639i,-0.00066248+6.3621e-05i,-0.00037318-0.00026125i
0.00080671-0.00034817i,0.00044462-0.00096424i,-0.00018037+4.404e-05i,-0.00067251+0.0011863i,0.00012804+0.00040738i,0.001482-0.00068367i,0.0012767-0.0013092i,0.00029137-0.0012771i,-0.00059787-0.00082977i,-0.00048811-0.0005386i,1.842e-05-0.00028059i,0.00016158+0.00027281i,-0.00013849+0.00093276i,0.00020959+0.00078147i,0.0004241+0.00054348i,-3.1307e-05+0.00083729i,-0.00056958-0.00011412i,-0.00041906-0.0004635i,0.00017669+0.00044108i,0.00042582+0.00046486i,0.00097534+7.5089e-05i,0.00058847-0.0002825i,-0.00010016-0.00027529i
-0.00063199+0.00088199i,-0.00022678+0.00014444i,0.00016973-1.0389e-05i,0.0007045+4.4794e-05i,0.00064367+0.00020084i,0.0010655-0.00032848i,0.001656-0.0011541i,0.0011861-0.0011003i,0.0002173-0.00081271i,0.00013085-0.00035936i,0.00054918+0.00055641i,0.00023734+0.00077084i,-0.0004095+0.00035108i,-0.00012531+0.00057654i,0.0004719+0.001203i,0.00058337+0.0012953i,0.00027795+0.00091766i,-0.000537+7.6729e-05i,-0.00061496-0.00049786i,2.3466e-05-0.0002886i,0.00075573+0.00016367i,0.00066186+3.0155e-05i,-9.6514e-05-0.00082591i
0.00048214-0.0012673i,0.00014-0.0011207i,-5.6485e-05+1.1702e-06i,-0.00036745+0.00058503i,3.1534e-06-0.00041445i,0.00067322-0.0013181i,0.00057776-0.0017031i,0.00038755-0.0010545i,0.00025487-0.00034437i,-0.00017423-0.00020773i,0.00013687-0.0001145i,8.7879e-05+0.00024841i,-0.00018724+0.00023983i,-0.00029593+0.00036484i,-0.00037709+0.00036197i,-0.00025423+0.00054046i,4.6107e-05+0.0012928i,0.00028556+0.0012029i,0.0002741+0.00045705i,0.00025357-0.00031176i,0.00017949-0.00084068i,0.00040035-0.00077789i,0.00059456-0.00016502i
0.0013898+0.0011085i,0.00086397-4.5911e-05i,0.000545-0.00093618i,0.00010314-0.0014016i,-0.00045181-0.0014883i,-6.973e-05-0.0011744i,-4.0768e-05-0.00083369i,-0.00029167-0.00046293i,-0.00011626+1.75e-05i,-4.1896e-06-4.8258e-05i,2.8776e-05-0.00037785i,0.00015947+6.8649e-05i,0.0001066+0.00044332i,-0.0005412+0.0003341i,-0.0010606+3.2134e-06i,-0.00074562+0.00022031i,-0.00066414+0.00028838i,-0.00049602+2.7891e-05i,-0.00022132+0.00024135i,-0.00032187+0.00036968i,0.00032015+2.1247e-05i,0.00030755-0.00053484i,-0.00048189-0.00055514i
0.00022604-0.00038685i,-0.00090469-0.00077928i,-0.0011746-0.00096139i,-0.0007414-0.00063647i,0.00026678-0.00073839i,0.00035563-0.0015627i,9.7072e-05-0.0012811i,0.00025327-0.00074643i,-0.0001523-0.00061095i,-0.00039268-0.00039205i,0.00014442+0.00013724i,-0.00026312+0.00024774i,-0.00075814-0.00033344i,-2.3344e-05-0.0008384i,0.00063094-0.0010885i,0.00016027-0.00057225i,-9.7028e-05+1.5508e-05i,2.0584e-05+0.00023315i,0.00051365+7.9447e-05i,0.00097322+3.8089e-05i,0.00065447-0.00015239i,0.00040047-0.00038638i,-0.00021877+6.2273e-05i
0.0010566+0.00050523i,0.00038365+0.00094827i,-0.00035627+0.0010906i,0.00077628+0.00060163i,0.0020068-0.00082565i,0.0019014-0.0017092i,0.0013152-0.0013947i,0.00068314-0.00089524i,-0.00025709-0.00013354i,-3.8635e-05-0.00038599i,0.0003272-0.00089191i,0.00030074-0.00014208i,-0.0001252+0.00065762i,-0.00024804+0.00024948i,0.00045102-0.00010316i,0.00037222-0.00012646i,0.00047142-0.00053614i,0.00056382-0.00042546i,0.00045586+0.000203i,0.00078461+0.00044055i,0.00053603+0.00062833i,0.00011322+0.00065665i,0.00049013-0.00021381i
-0.00081905+0.0016747i,-0.00089968+0.00049742i,-0.00047336-0.00044167i,-0.00041375-0.00055607i,0.00018614-0.00084766i,0.00040345-0.00020442i,0.0003239-0.00046974i,0.00078612-0.0011611i,0.00037416-0.00065499i,-0.00026942+9.2287e-05i,-5.2567e-05-0.00046556i,0.00064272-0.00019842i,0.00036641+0.00036701i,-0.00042502-2.9798e-05i,-0.00019251-0.00064091i,0.00048649-0.0004749i,0.0010041+8.8844e-05i,0.00057235-8.5979e-05i,0.00012346+6.0521e-05i,0.00056872+2.706e-05i,0.00079991-0.00063949i,0.00051476-0.00056259i,-6.3036e-05-0.00029689i
-0.0015404-0.0036302i,-0.0017277-0.0024654i,-0.00069995-0.0010812i,9.7117e-05+0.00057981i,-0.00010047+0.0013251i,0.00019377+0.00016805i,0.0004537-0.0012546i,0.00048428-0.0017535i,0.00014877-0.0012302i,-0.00071926-0.00012004i,-0.0011526-0.00012085i,-0.00042326-0.0008867i,0.00043096-0.00089779i,2.3109e-05-0.00016329i,-0.00028496-7.9912e-05i,0.00014367-0.00030253i,0.00058992+0.00017834i,0.0011965-5.0512e-06i,0.00124-3.6833e-05i,0.00051383+0.00019112i,2.3391e-05+0.00024455i,-0.00042949+0.00042005i,-0.00042664-0.00023709i
0.00021842+0.0014574i,-0.00060726+0.00083358i,-0.0019665+0.001093i,-0.0020711+0.00090449i,-0.0010527-0.0005668i,-0.00018192-0.0016275i,0.0001151-0.0020987i,0.00057026-0.0024308i,0.00060618-0.0017511i,0.00041546-0.00037873i,-7.8743e-05-0.00066422i,-0.00067595-0.00079654i,-0.00026477-0.00021147i,-0.0001513-0.00045079i,-0.00061359-0.0007335i,-0.0011177-0.00082353i,-0.0010261-0.00045041i,-0.00092981-0.00091543i,-0.00109-0.0010413i,-0.00095472-0.00050873i,-0.00025615-7.6638e-05i,0.00057792+0.00013986i,0.00069142+0.00058084i
-0.0024622+0.00054909i,-0.0015224+0.0012875i,-0.0015618+0.0025595i,-0.0013027+0.0032673i,0.00037316+0.0030078i,0.0021651+0.0013969i,0.0022367-0.00018421i,0.0014165-0.00057397i,0.00035246-1.801e-05i,-0.00025673+0.00076138i,-0.00015397+0.0009308i,0.0001854-0.00035389i,-8.6151e-05-0.00068051i,-0.00075736-0.00059178i,-0.00027289-0.00034764i,0.00046836-0.00014782i,6.2877e-05-0.00076576i,-0.00049316-0.0013943i,-0.00066142-0.00071098i,-0.00074006-0.00049517i,-0.00042691-0.00080538i,-0.000196-0.00081146i,-0.00024185-0.00058733i
0.00020936+0.00092008i,0.00044555+0.00042664i,0.0015287+0.00041967i,0.0018569-0.00036365i,0.0012246-0.0012514i,0.00098368-0.0028453i,0.00068169-0.0032025i,-8.3794e-05-0.0018816i,-0.00039811-0.00078065i,-0.00016052-3.5741e-05i,-0.00036061-0.00020144i,-0.00043947-0.00075787i,-0.00066307-0.00078067i,-0.00049458-0.0013401i,-0.00049011-0.0017632i,-0.00040002-0.00087366i,0.00049324-2.0473e-05i,0.00054251-0.00019587i,-0.00034711-0.00040593i,-0.00041074-0.00018379i,5.3763e-05-0.00048226i,3.8785e-05-0.0013417i,-0.00034788-0.00066689i
0.0023897+0.0012695i,0.0020799+0.00030924i,0.001755+6.8096e-07i,0.00052042+0.00016616i,0.00013484-9.3141e-05i,0.00087791-0.0017061i,0.00063402-0.0026288i,0.00050637-0.0019598i,-0.0003297-0.001038i,-0.00086669-0.00029052i,-0.00025435-0.00036878i,-0.0003749-0.00077592i,-0.00047387-0.00019677i,0.00021046+9.5493e-05i,-8.5195e-05+3.7127e-05i,-0.00036576+0.00013087i,3.1158e-05+0.00010854i,4.4359e-05-1.1813e-05i,9.5997e-05-5.9603e-05i,0.00030466-0.00010914i,0.00086287+0.00021049i,0.00089705+0.00056778i,0.00038582+0.00071822i
-0.0004877-0.00061683i,-0.0010602-0.00053925i,-0.0006668-0.0016111i,4.8663e-05-0.0014769i,-0.00016435-0.00056869i,-0.00015758-0.00085892i,0.00018251-0.0016958i,0.00014205-0.0018497i,-2.8134e-05-0.00085664i,-0.00030733-0.00016371i,-0.00059274-0.00047922i,-0.0005357-2.4861e-06i,-0.00041168+0.00052786i,-0.00032376+0.00012137i,0.00038285-0.00038643i,0.0012936-0.00048216i,0.0011287-0.00012484i,0.00044756+0.00041493i,-0.00023749+0.00067419i,-0.00046163+0.00052383i,-0.00077517+8.4243e-05i,-0.00031477-0.0003966i,0.00075231-0.00064883i
0.0004018-0.00047311i,0.00043744-0.00024347i,0.00059984-0.00032145i,0.00059008-0.0011523i,-6.5225e-05-0.0011629i,-0.00028684-0.0011253i,0.00078897-0.00089776i,0.00051932-0.001485i,-7.8364e-06-0.0011351i,0.00017415-0.00015831i,0.0001651-0.00039918i,-0.00031341-0.00058847i,-0.00065151-0.0003255i,-0.00016608+0.00046219i,-4.7383e-05+0.00055277i,-0.00048238-0.00051323i,6.7042e-05-0.00042212i,0.0008902+3.5105e-05i,0.0006672-0.00044637i,0.00048477+0.00014514i,0.00031395+0.00077868i,0.00050212-4.6183e-05i,0.00039279-5.6992e-05i
-9.6145e-05-0.0010907i,-0.00065042-0.00028805i,-0.0007225+0.00017032i,0.000644-0.00018899i,0.0015165-0.0012868i,0.0011799-0.0018359i,7.5294e-05-0.0014195i,-0.0006431-0.00054804i,-0.00018542+0.00020095i,0.00082981+2.2933e-06i,0.00094934-0.00033428i,0.00041964+0.00067607i,-0.00023554+0.0012132i,-0.00012382+0.00069163i,7.9007e-05-9.0853e-05i,0.00033142-0.00023333i,0.00067151+0.00012447i,0.00037201+0.00023456i,-0.00031449+0.00023561i,-0.00050434-0.00046085i,-3.7287e-05-0.00064885i,0.00015214-0.00046029i,-4.4874e-05-0.00015438i
0.00015657-0.00063648i,-0.0012605-0.00056605i,-0.0010215+0.00046979i,-0.00018402+0.00049625i,0.0005419+0.00022046i,0.0012222-9.9245e-05i,0.0011439-0.001281i,0.00033-0.0015982i,-0.00022695-0.00096367i,-0.00032386-0.00084727i,-0.00023014-0.00078967i,-0.00052438-0.0010511i,-0.00026913-0.00095955i,0.00074981-0.00018948i,0.00057598+0.00019248i,-0.00011896+0.0010668i,0.00012066+0.0013856i,-0.0001148+0.0012897i,0.00021459+0.00061528i,0.0012771-0.0001046i,0.0011745+0.00033076i,6.9586e-05+0.00060129i,-0.00025176+8.4948e-06i
-0.0010841+0.0010101i,-0.00081442+0.0011319i,-0.00056452+0.001052i,0.00039949+0.00056295i,0.00084647-0.00079988i,0.00075097-0.0019605i,1.242e-05-0.0018022i,-0.00029349-0.0015919i,3.0104e-05-0.00097255i,5.9509e-05+2.4367e-05i,1.9682e-05+0.00033394i,2.1677e-05+0.00034916i,-0.00076254+0.00016934i,-0.00094109-6.8332e-05i,6.9565e-05+0.00046602i,0.00020855+0.00021731i,-0.00038643-0.00010891i,-0.0004597-0.00031561i,0.00015145-0.00019273i,0.00069513+0.00043607i,0.00018987+7.3247e-06i,8.5963e-05-0.00066385i,0.0009113-0.00032461i
0.00062535-0.0040523i,0.00028216-0.0028189i,-0.0006583-0.0013543i,-0.0006578-0.00030736i,0.00035139-0.00029819i,0.0014881-0.0012106i,0.0012983-0.0014205i,-0.00042481-0.0010719i,-0.0013774-0.00032605i,-0.0010357+0.00050085i,-0.00067414+0.00052772i,-0.00018914+0.00010489i,-0.00040911+0.00058243i,-0.00054739+0.00068366i,-0.0013019+0.00053616i,-0.0018258+7.3351e-05i,-0.0010835-0.00050573i,-0.0010231-0.0004516i,-0.00046078-0.00038174i,0.00077751-9.3018e-06i,0.0011596+1.8336e-05i,0.00071946+5.6041e-05i,-0.00029991+0.00058858i
0.00070412+0.00094972i,-0.0012259+0.0005859i,-0.0015585+0.00048663i,-0.0004988+0.00052594i,8.4141e-05+1.7364e-05i,0.00062467-0.00084815i,0.00062701-0.0016263i,-0.00036965-0.0011782i,0.00013276-0.00087412i,-5.9716e-05-0.0012464i,-0.00076033-0.001176i,-0.00098842-0.00061189i,-0.00074843+0.00035463i,-0.00055911+0.00039601i,-0.0002132+0.00019545i,4.4417e-05+0.00039985i,-3.0201e-05+0.00036231i,-0.00035659-0.00034825i,-0.00048309-0.00040891i,-0.00027525+0.00042165i,-0.0002238+0.00016986i,0.00026504-0.00036298i,1.2581e-05-0.00025225i
-0.0038296-0.0027472i,-0.0034447-0.0018634i,-0.0021938-0.0011689i,-0.0010149+0.00050607i,-0.00024988+0.0011464i,0.00090433+0.00023048i,0.0016091-0.00044329i,0.0003926-5.3397e-05i,-0.00046172+0.00086501i,-0.00015416+0.0011857i,0.00057633+0.0005531i,0.0007125+0.00064911i,0.00046983+0.00060177i,0.00035678+0.00015699i,0.00081801-5.1635e-05i,0.0013428+0.00024057i,0.00090336+0.00023418i,0.00067056-0.00066669i,0.00045056-0.00059989i,-0.00030582+0.00016172i,-0.00052187+2.881e-05i,-0.00048922-5.7818e-05i,-0.00063759+0.00024723i
0.00205-0.0026138i,0.0019169-0.0023433i,0.00089483-0.0013672i,-0.00046409-0.00061819i,-0.001314+1.2874e-05i,-0.00077974-0.00014535i,7.9333e-05-0.001194i,0.00064858-0.0015209i,-0.00016806-0.0012801i,-0.0011529-0.00055009i,-0.0010049+0.00045338i,-0.0007047+0.0018072i,-0.00053807+0.0019799i,-0.00055601+0.0012453i,-0.00028888+0.00034854i,2.191e-05+1.582e-05i,5.2432e-05+0.00048475i,0.00021999+0.00076958i,0.00045413+0.0003184i,0.0004425-0.00025737i,0.00041766-0.00024386i,0.00051039-0.00043779i,0.00015936-0.00067809i
-0.00050584-0.00045788i,-0.00074468+0.00033221i,-0.00078283+0.0010106i,-0.0010065+0.0019706i,-0.00037158+0.00098065i,0.0014259-0.00061637i,0.0019284-0.00058763i,0.0011444-0.00029753i,0.00021098+4.7315e-05i,-0.00037116-5.0433e-05i,-6.9398e-05-0.00091787i,-0.00056011-0.00025484i,-0.00040343+0.00028873i,0.00032602+0.00031688i,0.00017508+0.00083562i,-0.00012255+0.0010335i,-0.00011331+0.00036476i,0.00035588-0.00088651i,0.0010672-0.0013045i,0.00086084-0.0011532i,0.00021176-0.00072703i,-0.00025532-0.00044858i,-0.00097865-0.00028621i
0.00072876-0.00066492i,0.00011338+0.00015299i,0.00097161+0.00036674i,0.00043081-0.00017756i,-0.00092177-0.00095405i,-0.00097946-0.0021088i,-7.6128e-06-0.0022111i,0.00029052-0.0015855i,-0.00016074-0.00082749i,-0.00045857-0.00040595i,-0.0011687+0.00029709i,-0.001523+0.0010205i,-0.0019011+0.00042925i,-0.0015514-0.00080084i,-2.1761e-05-0.00058943i,7.4417e-05+0.00028671i,-0.00044369+0.00060213i,-0.00036729+0.00066401i,-0.00026304+1.0185e-05i,-5.274e-06-0.00084149i,0.00012425-0.00040617i,-4.0713e-05+0.00028558i,-0.0003686+0.00062412i
-0.0001001-0.00054689i,0.00012815-4.4797e-05i,-0.00011128+2.4606e-05i,-5.6805e-05-3.3368e-05i,0.0004577-0.00092724i,0.001805-0.0015152i,0.0026679-0.0015007i,0.0014882-0.00076715i,0.00030973-0.00052452i,0.00013851-0.00089067i,-0.00060642-0.0013256i,-0.00076591-0.0011716i,-0.00038999-0.00026788i,-0.00034796-0.0001823i,-0.00024428-0.00062663i,-0.00063174-0.0006345i,-0.00071095-0.00030398i,-0.00035365-8.5798e-05i,-0.00059665-0.00059324i,-0.00057654-0.000981i,-0.00018047-0.0010457i,0.00013959-0.0006038i,0.0003356+0.00010375i
0.0020347+0.00011549i,0.00065351-0.0015294i,0.00063553-0.0024042i,0.00059676-0.0021674i,0.0001097-0.0012889i,0.0004301-0.0008282i,0.00064384-0.0010578i,0.00026297-0.00089087i,4.5111e-05-0.00090832i,-0.00024301-0.0012107i,-0.00061792-0.00052425i,-0.0012368-0.00039929i,-0.00058022-0.00062834i,0.0007644+0.00024879i,0.00076729+0.0007095i,0.00038838+0.0005211i,0.00016993+0.00024027i,0.00026422-0.00018797i,0.00043588+6.2456e-05i,-0.00044844+0.00015719i,-0.00046873+0.00027061i,0.0004129+0.00078097i,0.00038612+0.00047081i
-0.0016118+0.00076594i,-0.0023765+0.00076976i,-0.001642-0.00030453i,-0.00060663-0.00046353i,0.00017733+0.00025531i,0.00081788-0.00076069i,0.00049272-0.0012426i,-5.3935e-05-0.00079542i,-0.00027735-0.00058013i,-0.00091405+0.00045113i,-0.00097036+0.0010563i,-0.00049264-0.00028854i,-0.00030409-0.0005871i,-0.00052462-0.00039495i,0.00015484-0.00014494i,0.00086601-4.46e-07i,0.00052839+9.4336e-05i,0.00012738+2.2731e-05i,-0.00021579-0.00027489i,2.8469e-05-0.00040404i,0.0002077-0.0004005i,-6.9151e-05-0.00043309i,-0.00033206-0.0010116i
-0.00060501-0.002616i,-0.0012917-0.0018493i,0.00011985+0.000183i,0.0011725+0.00050432i,0.0014734+0.00026469i,0.001664-0.00052787i,0.001561-0.0011888i,0.00043678-0.001015i,-0.00044885-0.00016445i,-0.00034107+0.00062807i,-0.00076026+0.00053075i,-0.00090265+0.00041898i,-0.00024836-3.6984e-05i,-0.00029878+6.3671e-05i,-0.00029346-0.00026651i,0.00076706-0.00061501i,0.00057608-0.00048305i,-8.8157e-05+0.00017617i,6.1689e-05+0.00056407i,8.9372e-05+0.0001928i,0.00015656-0.00016753i,0.00017281-0.00089207i,0.00012645-0.00047272i
0.00015709-0.00019209i,0.0010927+0.00036172i,0.00065082+0.00091739i,0.00071136+0.00091921i,0.0011485+0.00060696i,0.00073953-0.00095251i,9.0057e-05-0.0017124i,-0.00012186-0.0017912i,-0.00025524-0.0012982i,-0.0003661-0.00038161i,-0.00043802-1.8934e-05i,-0.0002201+0.00019882i,8.827e-05-0.00025875i,7.9029e-05-0.00030579i,-0.00025733+0.00048545i,-3.3928e-05+0.00082606i,0.0004367+0.00057515i,-0.00041156+0.00020942i,-0.00056866+4.6313e-05i,-0.00029432+0.000223i,-0.00025502+0.00025751i,0.00041288-0.0003021i,0.00038542-0.00017224i
-0.00066714-0.00066191i,-0.0016871+0.0006028i,-0.0014332+0.00030538i,-0.0010776+0.00054346i,-0.00061414+0.00047953i,0.00050865-5.4815e-05i,0.0013276-0.00071057i,0.00091342-0.00082126i,0.00019542-0.00053004i,0.00010091-0.00046604i,-0.00021782-0.0013868i,-0.00054145-0.0013809i,-0.00026659-0.0003194i,7.5696e-05+0.00019154i,0.00015804-6.2861e-05i,0.00048938-0.00014072i,0.00039268+0.00057362i,0.00034149+0.00052727i,0.00019892+0.00012668i,0.00021365-0.0002771i,0.00037307-0.00063376i,0.00031478-0.00039486i,-0.00014477-0.00027878i
0.00099283-0.0014638i,-8.8519e-05-0.0009601i,0.00015752+0.00041497i,0.00032404+0.00025569i,-0.00015254-0.0012289i,0.00068992-0.0018386i,0.0014053-0.002021i,0.0010004-0.0012485i,0.00069557+0.00018316i,0.00015262+0.00054587i,-0.00048238-0.00014201i,-0.00010964-0.00096071i,0.00025325-0.00065805i,-8.5007e-06-0.00027686i,-0.00057768-0.00017396i,-0.00045707-0.00013632i,0.00032848+0.00036936i,0.00032633+0.00078296i,-0.00031082+0.00032345i,-0.00058308+0.00018487i,-0.00023864-0.00051433i,-0.00034214-0.0012462i,-0.00085792-0.0011763i
-0.0010122-0.0020448i,-0.0012983-0.001839i,-0.0013262-0.00099076i,-0.00094881+0.00066735i,-0.0010497+0.00097662i,-0.00015673-6.5813e-05i,0.00065262-0.0011007i,2.5009e-05-0.001553i,0.00024716-0.00081596i,0.00095256+0.00019582i,0.00042981+0.00063235i,-0.00033184+0.0011917i,-0.00035327+0.00071736i,-0.00040866-0.00062836i,-0.00048861-0.00099541i,0.00035035-0.00017271i,0.00095906+0.0006802i,0.000546+0.00055124i,0.00074211-9.7963e-05i,0.0014849+0.00055645i,0.0013653+0.00067859i,0.0010812+0.00055328i,0.00063069+0.00073981i
0.0012075+0.00051812i,-0.00030712+0.00024358i,-0.0011284-1.2787e-05i,-0.00097025-0.00017767i,0.00011322-0.00056649i,0.00061616-0.0012509i,0.00029702-0.0015916i,0.00039821-0.0019334i,0.0007303-0.0017454i,0.00047058-0.00070454i,0.00028232-8.1439e-05i,-0.0002425-2.012e-05i,-0.00077728+5.4319e-05i,-0.00057112+0.00035392i,-0.00050071+0.00068205i,-0.00038767+0.00022803i,-0.00029846-0.00037887i,-0.00021278-5.2079e-05i,8.9918e-05+0.0004716i,6.819e-05-0.00022235i,-0.00069708-0.00028696i,-0.00043506+0.00020708i,0.0002226+0.00013084i
-0.0020429-0.0011021i,-0.00080533-0.00075631i,-0.00056533+9.9159e-05i,-0.00033909+0.00098161i,-0.00023143+0.0015432i,0.0002+0.00049194i,0.00045251-0.0010266i,0.00018353-0.0014851i,0.00021104-0.0011101i,-0.00054108-0.00047875i,-0.00069667+0.00016924i,-0.00012408-2.6918e-05i,-0.00038293-0.00013111i,-0.00051339-4.1534e-05i,-0.00041287-0.00028114i,-0.00084455-0.00049506i,-0.001034-0.00035273i,-0.00074652-0.00012721i,-0.00039685-0.00034855i,-3.8992e-05-0.00034931i,-0.00018446+0.00022562i,-0.00032117+0.00053905i,0.00034525+0.00040115i
0.0024477+0.00021544i,0.0015755-2.2998e-05i,0.0013329+0.00060958i,0.0013154+5.0948e-06i,0.0017142-0.00071883i,0.0018537-0.00098899i,0.0016647-0.00091926i,0.0013205-0.00080669i,0.00062297-0.00076558i,2.9271e-05-0.00049392i,-0.00064039-2.6794e-05i,-0.00085048-0.00038287i,1.1276e-05-0.00099092i,0.00050285-0.00099607i,0.00019518-0.00086507i,0.00017751+0.00023697i,-0.00021322+0.0010311i,-3.3247e-05+0.000249i,0.00044623+0.00032257i,0.00052869-0.00052971i,0.00034584-0.0014614i,-0.00019451-0.0012799i,-0.00045687-0.00083418i
0.0010965-0.00070527i,0.00043222-0.0024641i,-0.00057841-0.0033158i,-0.00091429-0.0023181i,-0.00016055-0.00082195i,0.00080113-0.00085775i,0.0011132-0.0011145i,0.00035591-0.0010426i,-0.00044728-0.0016699i,-0.00095826-0.001357i,-0.0011756-0.00018061i,-0.00094002+0.00021637i,-0.00054736+0.00021897i,-0.00050427-0.00016328i,-0.00039976-2.6217e-05i,-0.00056897+0.00039647i,0.00012461+0.00034584i,0.00078995+0.00032301i,0.00020902+0.00032523i,-0.00087393+0.00054449i,-0.00081239+0.00078214i,-0.00024671+0.00029725i,-0.00024724+0.00044403i
-0.00054575-0.0017832i,-0.0015477-0.00093548i,-0.00078276-0.00089729i,-0.00025335-0.00080657i,-0.00011458+0.00028739i,0.00051867+0.00010418i,0.0012295-0.0013069i,0.0013688-0.0015003i,0.00096409-0.00060804i,0.00022088+0.00059182i,-0.00081261+0.000693i,-0.00037874+3.082e-05i,0.00036522-0.00012504i,0.00012094+0.00031214i,-0.00043482+0.00051484i,0.00014879+0.00093674i,5.4784e-05+0.00086145i,-0.00029372+1.2549e-05i,1.3274e-05-0.0004067i,0.00032319+0.00054307i,0.00059465+0.00080554i,0.0002642+0.00054234i,-0.00060023+0.00025191i
0.0015366+0.00032611i,0.00094686+0.00063729i,0.00077908+0.00051617i,0.00064876+0.00013328i,0.0016203-7.483e-05i,0.0019155-8.4303e-06i,0.0013328-0.00076439i,0.00053972-0.00081529i,-9.9694e-05-0.00018616i,-0.00033626-0.00041666i,-0.00041123-0.00032275i,0.0002693-7.5176e-05i,0.0010755-0.00048708i,0.00075629-0.0010173i,-0.00024388-0.00078307i,0.00014677-0.00052091i,0.0010598-0.0002065i,0.00057104+0.00022254i,-0.00043707+0.00039359i,-0.00086386+0.0003679i,-0.00064521+0.00011405i,-0.00013945+0.00022685i,-0.00015372+0.00029953i
-0.00074604-0.000546i,-0.00046885-0.00018094i,6.5077e-05-2.5289e-05i,0.0008185+0.00013864i,0.0012539+0.00039369i,0.001413+0.00011914i,0.0014571-0.00028228i,0.00069339-0.0010537i,-0.00067841-0.0010867i,-0.00044637+0.00029351i,0.00054234+0.00099462i,9.3175e-05+0.00045677i,-0.00027862-0.00014521i,-0.0001103-0.00013633i,-3.9868e-05-0.00063672i,0.0002343-0.00065441i,0.00044408+0.00012962i,0.00040991+0.00058323i,-0.00021202+0.00044229i,-0.00045567+0.00028348i,0.00027235+9.9312e-06i,0.0010858-0.00097781i,0.0014867-0.0010925i
-0.0024959+6.6813e-05i,-0.0025813-0.00027138i,-0.0018727+0.00097304i,-0.00077348+0.0021905i,0.00023002+0.0018876i,0.0011657+0.00075006i,0.0010518-0.00023394i,0.00024109-0.001015i,-0.00027704-0.00078769i,-0.00064233+5.8241e-05i,-0.00012595-0.00014985i,-0.00026356-0.0015092i,-0.00054274-0.0017223i,-0.00054555-0.00090974i,-0.00064435+0.00024719i,-9.3408e-05+0.0007915i,-0.00010151+0.0006912i,0.00010948+0.00013308i,0.0013103-0.00048384i,0.0010635-0.00015882i,0.00024882+0.00011137i,0.00085644-0.00013372i,0.0012411+6.5493e-05i
-0.0032575-0.0020118i,-0.0022623-0.0010809i,-0.0016233+0.00092281i,-0.00058447+0.0023946i,0.00054806+0.0022657i,0.0014552+0.00036927i,0.0018246-0.0011265i,0.0016591-0.0012656i,0.00021754-0.00049409i,-0.00019566+0.00052675i,0.00013902+0.001069i,6.1301e-05+0.00071527i,0.00052802-0.00015268i,0.00054109-7.8186e-05i,0.00010518+0.0004006i,0.0001581+0.00039572i,0.00031+0.00053943i,0.00044551-5.7115e-05i,0.00038089-0.00074256i,-5.5322e-05-7.4595e-05i,0.00015783+0.00052941i,-0.00028818+0.00018737i,-0.00024817-0.00022266i
7.4105e-05-0.0011814i,-0.00093496-0.00031052i,-0.0012949+0.00020001i,-0.00060179+0.00077993i,-9.5036e-05+0.00093116i,0.0013925-8.8828e-05i,0.0025666-0.00081586i,0.0012513-0.00034407i,0.00015369+6.3624e-05i,7.3211e-05+0.00014072i,-0.00035299-0.00035976i,-0.00095307-0.00072107i,-0.00058592-0.0006835i,-0.00017553-0.00052148i,-0.00020776-1.5127e-05i,-0.00015931+0.00026644i,-0.0005897+0.00016729i,-0.000698+0.00013548i,-0.00040249-2.9567e-06i,-1.5472e-05-0.00068238i,0.00015562-0.00086186i,0.00020674-0.00080288i,-0.00043992-0.00070287i
0.0018624+3.3829e-05i,0.0014607-0.0002811i,0.0020511-0.0018449i,0.000564-0.0026215i,-0.00026938-0.0022672i,-0.00019854-0.0016133i,-0.00053935-0.0012179i,-0.00043776-0.0010443i,-0.0002173-0.0013089i,0.00023354-0.0015771i,0.00029554-0.00079873i,-0.00051305-0.00068804i,-0.00098686-0.0011486i,-0.00058443-0.0012038i,0.00032272-0.00067307i,0.00070253-0.0001726i,-5.5604e-05-0.00037201i,-0.00036658-0.00079161i,-0.00038605-0.00014844i,-8.2164e-05+0.00080673i,0.00040829+0.00094877i,0.00057439+0.00029127i,0.00016381-0.00012417i
